time	V(triangle)	V(vin)
0.000000000000000e+000	2.598770e-001	-1.000000e+000
1.464843750000056e-006	2.625836e-001	-1.000000e+000
4.394531250000167e-006	2.679833e-001	-1.000000e+000
1.525390625000019e-005	2.878736e-001	-1.000000e+000
1.999999999999919e-005	2.977121e-001	-9.935637e-001
2.003240103267204e-005	2.985454e-001	-9.870396e-001
2.009720309801601e-005	3.008325e-001	-9.611188e-001
2.012867191277488e-005	3.010794e-001	-9.485312e-001
2.015433559269739e-005	3.009415e-001	-9.382657e-001
2.018835485938231e-005	3.007242e-001	-9.246581e-001
2.025345587387123e-005	3.002671e-001	-8.986176e-001
2.030736893689732e-005	3.000633e-001	-8.770524e-001
2.037096038429165e-005	3.000718e-001	-8.516158e-001
2.049014607641113e-005	3.003313e-001	-8.039415e-001
2.079605190037463e-005	3.010780e-001	-6.815792e-001
2.100488231917240e-005	3.015255e-001	-5.980471e-001
2.126395695775663e-005	3.019395e-001	-4.944172e-001
2.158263643762919e-005	3.021433e-001	-3.669454e-001
2.188831735295757e-005	3.022306e-001	-2.446731e-001
2.219168564308698e-005	3.022538e-001	-1.233257e-001
2.279842222334752e-005	3.020291e-001	1.193689e-001
2.343619290273193e-005	3.014017e-001	3.744771e-001
2.424488574971108e-005	2.997451e-001	6.979543e-001
2.500000000000072e-005	2.973819e-001	1.000000e+000
2.500613545619937e-005	2.966800e-001	1.000000e+000
2.501840636859841e-005	2.954849e-001	1.000000e+000
2.503563077836321e-005	2.943700e-001	1.000000e+000
2.505368976044899e-005	2.937967e-001	1.000000e+000
2.506940696931151e-005	2.935625e-001	1.000000e+000
2.509131836571366e-005	2.933433e-001	1.000000e+000
2.511713633604300e-005	2.932668e-001	1.000000e+000
2.515410512197655e-005	2.934549e-001	1.000000e+000
2.518894038351822e-005	2.937220e-001	1.000000e+000
2.523382264832223e-005	2.939916e-001	1.000000e+000
2.531680643273054e-005	2.941654e-001	1.000000e+000
2.548277400154543e-005	2.939133e-001	1.000000e+000
2.573870455865532e-005	2.932062e-001	1.000000e+000
2.667834068956705e-005	2.909221e-001	1.000000e+000
2.761797682047879e-005	2.886391e-001	1.000000e+000
2.855761295139053e-005	2.863573e-001	1.000000e+000
2.949724908230226e-005	2.840765e-001	1.000000e+000
3.043688521321400e-005	2.817969e-001	1.000000e+000
3.137652134412573e-005	2.795184e-001	1.000000e+000
3.231615747503747e-005	2.772410e-001	1.000000e+000
6.619553608014882e-005	1.967481e-001	1.000000e+000
9.549241108014993e-005	1.293388e-001	1.000000e+000
1.101408485801505e-004	9.641389e-002	1.000000e+000
1.247892860801510e-004	6.399807e-002	1.000000e+000
1.394377235801516e-004	3.208347e-002	1.000000e+000
1.540861610801522e-004	6.623507e-004	1.000000e+000
1.687345985801527e-004	-3.027292e-002	1.000000e+000
1.833830360801533e-004	-6.072985e-002	1.000000e+000
1.980314735801538e-004	-9.071583e-002	1.000000e+000
2.273283485801549e-004	-1.493040e-001	1.000000e+000
2.712736610801566e-004	-2.338326e-001	1.000000e+000
2.801972855061838e-004	-2.505248e-001	1.000000e+000
2.891209099322110e-004	-2.670647e-001	1.000000e+000
2.980445343582382e-004	-2.834524e-001	1.000000e+000
3.069681587842655e-004	-2.996878e-001	1.000000e+000
3.158917832102927e-004	-3.157709e-001	1.000000e+000
3.248154076363199e-004	-3.317017e-001	1.000000e+000
3.337390320623471e-004	-3.474803e-001	1.000000e+000
3.370000000000005e-004	-3.532085e-001	1.000000e+000
3.370220380599712e-004	-3.549524e-001	9.911848e-001
3.370661141799142e-004	-3.571227e-001	9.735543e-001
3.370985553542948e-004	-3.576914e-001	9.605778e-001
3.371198727993088e-004	-3.577188e-001	9.520509e-001
3.371512117829028e-004	-3.576232e-001	9.395153e-001
3.372020686100499e-004	-3.572534e-001	9.191726e-001
3.372509491233067e-004	-3.569185e-001	8.996204e-001
3.373004819482491e-004	-3.567607e-001	8.798072e-001
3.373880769319652e-004	-3.567714e-001	8.447692e-001
3.374783307083604e-004	-3.569686e-001	8.086677e-001
3.376988096210291e-004	-3.575194e-001	7.204762e-001
3.379355806078718e-004	-3.580055e-001	6.257678e-001
3.383517660696233e-004	-3.586031e-001	4.592936e-001
3.386764870631515e-004	-3.587658e-001	3.294052e-001
3.389451754506143e-004	-3.588264e-001	2.219298e-001
3.392231070404161e-004	-3.588433e-001	1.107572e-001
3.395138047148430e-004	-3.587523e-001	-5.521886e-003
3.399282773568681e-004	-3.584837e-001	-1.713109e-001
3.407319936987556e-004	-3.574147e-001	-4.927975e-001
3.413192397819786e-004	-3.560301e-001	-7.276959e-001
3.413792918148285e-004	-3.558529e-001	-7.517167e-001
3.414993958805283e-004	-3.555311e-001	-7.997584e-001
3.417450067943646e-004	-3.548739e-001	-8.980027e-001
3.420000000000003e-004	-3.540995e-001	-1.000000e+000
3.420026268496149e-004	-3.537517e-001	-1.000000e+000
3.420078805488440e-004	-3.530808e-001	-1.000000e+000
3.420183879473005e-004	-3.519386e-001	-1.000000e+000
3.420319693630772e-004	-3.509565e-001	-1.000000e+000
3.420516692363897e-004	-3.502383e-001	-1.000000e+000
3.420671313792822e-004	-3.499487e-001	-1.000000e+000
3.420878764930149e-004	-3.496824e-001	-1.000000e+000
3.421114950449000e-004	-3.495557e-001	-1.000000e+000
3.421467058173158e-004	-3.496996e-001	-1.000000e+000
3.421792547862526e-004	-3.499593e-001	-1.000000e+000
3.422223348800400e-004	-3.502726e-001	-1.000000e+000
3.422867526879821e-004	-3.505132e-001	-1.000000e+000
3.424155883038661e-004	-3.504594e-001	-1.000000e+000
3.425307767150401e-004	-3.501495e-001	-1.000000e+000
3.426566758258087e-004	-3.497737e-001	-1.000000e+000
3.641306098524614e-004	-2.968251e-001	-1.000000e+000
3.856045438791141e-004	-2.449963e-001	-1.000000e+000
4.070784779057668e-004	-1.942871e-001	-1.000000e+000
4.285524119324195e-004	-1.446977e-001	-1.000000e+000
4.500263459590721e-004	-9.622793e-002	-1.000000e+000
4.715002799857248e-004	-4.887792e-002	-1.000000e+000
4.929742140123775e-004	-2.647623e-003	-1.000000e+000
5.076226515123780e-004	2.831834e-002	-1.000000e+000
5.222710890123786e-004	5.880550e-002	-1.000000e+000
5.369195265123791e-004	8.882124e-002	-1.000000e+000
5.662164015123802e-004	1.474676e-001	-1.000000e+000
5.955132765123813e-004	2.043142e-001	-1.000000e+000
6.422126137027931e-004	2.914448e-001	-1.000000e+000
6.449999999999997e-004	2.965008e-001	-1.000000e+000
6.450186703371146e-004	2.981175e-001	-9.925318e-001
6.450560110113426e-004	3.001837e-001	-9.775956e-001
6.450906238958335e-004	3.009338e-001	-9.637504e-001
6.451104572317203e-004	3.010187e-001	-9.558171e-001
6.451416527024825e-004	3.009773e-001	-9.433389e-001
6.451874306266404e-004	3.006695e-001	-9.250277e-001
6.452288414870357e-004	3.003530e-001	-9.084634e-001
6.452789253548839e-004	3.001290e-001	-8.884299e-001
6.453527742638198e-004	3.000510e-001	-8.588903e-001
6.454357650462605e-004	3.001865e-001	-8.256940e-001
6.456414939924136e-004	3.007263e-001	-7.434024e-001
6.458655139725388e-004	3.012222e-001	-6.537944e-001
6.462534136682727e-004	3.018709e-001	-4.986345e-001
6.466404845649337e-004	3.021575e-001	-3.438062e-001
6.470020019221524e-004	3.022378e-001	-1.991992e-001
6.474076444283813e-004	3.022038e-001	-3.694223e-002
6.480987789551362e-004	3.018033e-001	2.395116e-001
6.487928802401070e-004	3.009404e-001	5.171521e-001
6.491114437823485e-004	3.001968e-001	6.445775e-001
6.494016113551965e-004	2.993791e-001	7.606446e-001
6.497366389561204e-004	2.984825e-001	8.946556e-001
6.500000000000013e-004	2.977055e-001	1.000000e+000
6.500026630394847e-004	2.973534e-001	1.000000e+000
6.500079891184514e-004	2.966747e-001	1.000000e+000
6.500186412763832e-004	2.955227e-001	1.000000e+000
6.500325504586197e-004	2.945267e-001	1.000000e+000
6.500519869054294e-004	2.938309e-001	1.000000e+000
6.500673117359988e-004	2.935506e-001	1.000000e+000
6.500879662763425e-004	2.932890e-001	1.000000e+000
6.501117764035006e-004	2.931639e-001	1.000000e+000
6.501464732954505e-004	2.933084e-001	1.000000e+000
6.501790305615436e-004	2.935706e-001	1.000000e+000
6.502218508194681e-004	2.938842e-001	1.000000e+000
6.502867674657350e-004	2.941301e-001	1.000000e+000
6.504166007582704e-004	2.940826e-001	1.000000e+000
6.505321510575698e-004	2.937782e-001	1.000000e+000
6.506585120935968e-004	2.934089e-001	1.000000e+000
6.699631775224941e-004	2.468918e-001	1.000000e+000
6.892678429513913e-004	2.012628e-001	1.000000e+000
7.085725083802886e-004	1.565221e-001	1.000000e+000
7.278771738091858e-004	1.126695e-001	1.000000e+000
7.471818392380831e-004	6.970516e-002	1.000000e+000
7.664865046669803e-004	2.762899e-002	1.000000e+000
7.857911700958776e-004	-1.355900e-002	1.000000e+000
8.004396075958781e-004	-4.427437e-002	1.000000e+000
8.150880450958787e-004	-7.451481e-002	1.000000e+000
8.443849200958798e-004	-1.336001e-001	1.000000e+000
8.736817950958809e-004	-1.908723e-001	1.000000e+000
9.176271075958826e-004	-2.735024e-001	1.000000e+000
9.573518924010302e-004	-3.450334e-001	1.000000e+000
9.620000000000011e-004	-3.532023e-001	1.000000e+000
9.620316631061242e-004	-3.552258e-001	9.873347e-001
9.620949893183704e-004	-3.575109e-001	9.620042e-001
9.621262628558992e-004	-3.577716e-001	9.494948e-001
9.621515808612615e-004	-3.576433e-001	9.393677e-001
9.621852415224313e-004	-3.574323e-001	9.259034e-001
9.622517008856420e-004	-3.569582e-001	8.993196e-001
9.623047082810508e-004	-3.567475e-001	8.781167e-001
9.623681969731009e-004	-3.567476e-001	8.527212e-001
9.624934067528190e-004	-3.570104e-001	8.026373e-001
9.629999036096081e-004	-3.581547e-001	6.000385e-001
9.632581326621086e-004	-3.585553e-001	4.967469e-001
9.635813712305999e-004	-3.587472e-001	3.674515e-001
9.638918014720742e-004	-3.588158e-001	2.432794e-001
9.642063862085118e-004	-3.588162e-001	1.174455e-001
9.648355556813853e-004	-3.585410e-001	-1.342223e-001
9.654167696324188e-004	-3.579367e-001	-3.667079e-001
9.662215039347825e-004	-3.564476e-001	-6.886016e-001
9.662528634123233e-004	-3.563060e-001	-7.011454e-001
9.663155823674049e-004	-3.559863e-001	-7.262329e-001
9.663778089403947e-004	-3.558089e-001	-7.511235e-001
9.665770505942126e-004	-3.553446e-001	-8.308203e-001
9.669055154660593e-004	-3.544025e-001	-9.622062e-001
9.670000000000008e-004	-3.541274e-001	-1.000000e+000
9.670018551356189e-004	-3.538822e-001	-1.000000e+000
9.670055654068567e-004	-3.533906e-001	-1.000000e+000
9.670129859493323e-004	-3.524901e-001	-1.000000e+000
9.670247680173705e-004	-3.514076e-001	-1.000000e+000
9.670411279226084e-004	-3.505265e-001	-1.000000e+000
9.670562189576567e-004	-3.501340e-001	-1.000000e+000
9.670732623439215e-004	-3.498635e-001	-1.000000e+000
9.670919597495921e-004	-3.496487e-001	-1.000000e+000
9.671225849871897e-004	-3.495738e-001	-1.000000e+000
9.671542034295939e-004	-3.497534e-001	-1.000000e+000
9.671897205311541e-004	-3.500467e-001	-1.000000e+000
9.672321519377681e-004	-3.503229e-001	-1.000000e+000
9.673170147509961e-004	-3.505519e-001	-1.000000e+000
9.674405195360947e-004	-3.504110e-001	-1.000000e+000
9.676706357698937e-004	-3.497396e-001	-1.000000e+000
9.894077731577545e-004	-2.961525e-001	-1.000000e+000
1.011144910545615e-003	-2.437114e-001	-1.000000e+000
1.032882047933476e-003	-1.924165e-001	-1.000000e+000
1.054619185321337e-003	-1.422676e-001	-1.000000e+000
1.076356322709198e-003	-9.326485e-002	-1.000000e+000
1.098093460097059e-003	-4.540819e-002	-1.000000e+000
1.119830597484920e-003	1.302372e-003	-1.000000e+000
1.134479034984920e-003	3.220726e-002	-1.000000e+000
1.149127472484921e-003	6.263428e-002	-1.000000e+000
1.178424347484922e-003	1.220842e-001	-1.000000e+000
1.207721222484923e-003	1.797098e-001	-1.000000e+000
1.216347140047371e-003	1.963385e-001	-1.000000e+000
1.224973057609818e-003	2.128219e-001	-1.000000e+000
1.233598975172266e-003	2.291602e-001	-1.000000e+000
1.242224892734713e-003	2.453533e-001	-1.000000e+000
1.250850810297161e-003	2.614012e-001	-1.000000e+000
1.259476727859609e-003	2.773038e-001	-1.000000e+000
1.268102645422056e-003	2.930613e-001	-1.000000e+000
1.270000000000000e-003	2.965056e-001	-1.000000e+000
1.270012577242753e-003	2.977938e-001	-9.949691e-001
1.270037731728258e-003	2.994816e-001	-9.849073e-001
1.270088040699266e-003	3.008963e-001	-9.647837e-001
1.270108854151504e-003	3.010569e-001	-9.564583e-001
1.270142351711197e-003	3.010181e-001	-9.430593e-001
1.270173382623667e-003	3.008099e-001	-9.306470e-001
1.270209870817675e-003	3.004816e-001	-9.160517e-001
1.270257318613022e-003	3.001943e-001	-8.970726e-001
1.270310684953271e-003	3.000480e-001	-8.757260e-001
1.270384012617571e-003	3.000794e-001	-8.463950e-001
1.270486909345347e-003	3.003254e-001	-8.052363e-001
1.270750179085796e-003	3.009737e-001	-6.999283e-001
1.271057181008884e-003	3.015377e-001	-5.771276e-001
1.271671184855060e-003	3.021125e-001	-3.315261e-001
1.272325727382050e-003	3.022036e-001	-6.970905e-002
1.272724395329347e-003	3.021377e-001	8.975814e-002
1.273032923974418e-003	3.019348e-001	2.131696e-001
1.273281102370126e-003	3.017162e-001	3.124410e-001
1.273540454008961e-003	3.014589e-001	4.161816e-001
1.273800494415080e-003	3.010090e-001	5.201977e-001
1.274086289176074e-003	3.002678e-001	6.345156e-001
1.274374602416301e-003	2.994552e-001	7.498410e-001
1.274657721916768e-003	2.986887e-001	8.630888e-001
1.275000000000000e-003	2.977105e-001	1.000000e+000
1.275003058633446e-003	2.973055e-001	1.000000e+000
1.275009175900337e-003	2.965409e-001	1.000000e+000
1.275021410434120e-003	2.952936e-001	1.000000e+000
1.275036954792180e-003	2.943113e-001	1.000000e+000
1.275057907585923e-003	2.936998e-001	1.000000e+000
1.275075621927703e-003	2.934248e-001	1.000000e+000
1.275095552041222e-003	2.932236e-001	1.000000e+000
1.275125113641314e-003	2.931767e-001	1.000000e+000
1.275155513038419e-003	2.933688e-001	1.000000e+000
1.275190344423560e-003	2.936645e-001	1.000000e+000
1.275231450007667e-003	2.939358e-001	1.000000e+000
1.275313661175878e-003	2.941573e-001	1.000000e+000
1.275457641621888e-003	2.939873e-001	1.000000e+000
1.275695792753372e-003	2.933128e-001	1.000000e+000
1.295424514135740e-003	2.457908e-001	1.000000e+000
1.315153235518109e-003	1.991945e-001	1.000000e+000
1.334881956900477e-003	1.535240e-001	1.000000e+000
1.354610678282846e-003	1.087791e-001	1.000000e+000
1.374339399665214e-003	6.495999e-002	1.000000e+000
1.394068121047582e-003	2.206657e-002	1.000000e+000
1.413796842429951e-003	-1.990114e-002	1.000000e+000
1.428445279929951e-003	-5.051845e-002	1.000000e+000
1.443093717429952e-003	-8.066233e-002	1.000000e+000
1.472390592429953e-003	-1.395590e-001	1.000000e+000
1.501687467429954e-003	-1.966484e-001	1.000000e+000
1.545632779929956e-003	-2.790146e-001	1.000000e+000
1.587000000000000e-003	-3.532065e-001	1.000000e+000
1.587031709775132e-003	-3.552283e-001	9.873161e-001
1.587095129325396e-003	-3.575111e-001	9.619483e-001
1.587126443437635e-003	-3.577716e-001	9.494226e-001
1.587151824701970e-003	-3.576428e-001	9.392701e-001
1.587185553031422e-003	-3.574307e-001	9.257788e-001
1.587251879652186e-003	-3.569581e-001	8.992481e-001
1.587305098360487e-003	-3.567476e-001	8.779607e-001
1.587368689431275e-003	-3.567484e-001	8.525242e-001
1.587493178336522e-003	-3.570101e-001	8.027287e-001
1.588001318663358e-003	-3.581579e-001	5.994725e-001
1.588259482008636e-003	-3.585576e-001	4.962072e-001
1.588581266891530e-003	-3.587476e-001	3.674932e-001
1.588890241178224e-003	-3.588163e-001	2.439035e-001
1.589201817894959e-003	-3.588181e-001	1.192728e-001
1.589824971328426e-003	-3.585476e-001	-1.299885e-001
1.590417041724300e-003	-3.579342e-001	-3.668167e-001
1.591222040907605e-003	-3.564743e-001	-6.888164e-001
1.591244419417999e-003	-3.563596e-001	-6.977678e-001
1.591289176438786e-003	-3.560862e-001	-7.156706e-001
1.591347757839173e-003	-3.558872e-001	-7.391031e-001
1.591511765264163e-003	-3.555079e-001	-8.047061e-001
1.591830483643530e-003	-3.546251e-001	-9.321935e-001
1.592000000000000e-003	-3.541180e-001	-1.000000e+000
1.592002189103270e-003	-3.538265e-001	-1.000000e+000
1.592006567309809e-003	-3.532522e-001	-1.000000e+000
1.592015323722888e-003	-3.522347e-001	-1.000000e+000
1.592027878126220e-003	-3.511937e-001	-1.000000e+000
1.592045625643225e-003	-3.503862e-001	-1.000000e+000
1.592059777298469e-003	-3.500694e-001	-1.000000e+000
1.592078405798707e-003	-3.497915e-001	-1.000000e+000
1.592097869689547e-003	-3.496141e-001	-1.000000e+000
1.592136797471224e-003	-3.496464e-001	-1.000000e+000
1.592172018875217e-003	-3.498922e-001	-1.000000e+000
1.592220890930945e-003	-3.502722e-001	-1.000000e+000
1.592266775039533e-003	-3.504940e-001	-1.000000e+000
1.592358543256706e-003	-3.505665e-001	-1.000000e+000
1.592469773194433e-003	-3.503290e-001	-1.000000e+000
1.592596795140299e-003	-3.499434e-001	-1.000000e+000
1.592724676281306e-003	-3.495968e-001	-1.000000e+000
1.594994323623219e-003	-3.439375e-001	-1.000000e+000
1.597263970965132e-003	-3.382933e-001	-1.000000e+000
1.599533618307046e-003	-3.326642e-001	-1.000000e+000
1.601803265648959e-003	-3.270500e-001	-1.000000e+000
1.604072912990872e-003	-3.214509e-001	-1.000000e+000
1.606342560332786e-003	-3.158667e-001	-1.000000e+000
1.608612207674699e-003	-3.102976e-001	-1.000000e+000
1.652313730167320e-003	-2.054185e-001	-1.000000e+000
1.681610605167321e-003	-1.377431e-001	-1.000000e+000
1.710907480167322e-003	-7.214449e-002	-1.000000e+000
1.725555917667323e-003	-4.010393e-002	-1.000000e+000
1.740204355167323e-003	-8.558793e-003	-1.000000e+000
1.754852792667324e-003	2.249857e-002	-1.000000e+000
1.769501230167324e-003	5.307572e-002	-1.000000e+000
1.784149667667325e-003	8.318006e-002	-1.000000e+000
1.813446542667326e-003	1.419995e-001	-1.000000e+000
1.842743417667327e-003	1.990140e-001	-1.000000e+000
1.890351562499998e-003	2.880484e-001	-1.000000e+000
1.894999999999999e-003	2.965097e-001	-1.000000e+000
1.895031785515972e-003	2.985309e-001	-9.872858e-001
1.895095356547917e-003	3.008146e-001	-9.618574e-001
1.895126809766969e-003	3.010762e-001	-9.492761e-001
1.895152277186356e-003	3.009471e-001	-9.390891e-001
1.895186154446185e-003	3.007351e-001	-9.255382e-001
1.895253477757047e-003	3.002633e-001	-8.986089e-001
1.895307428833076e-003	3.000591e-001	-8.770285e-001
1.895371706169871e-003	3.000697e-001	-8.513175e-001
1.895495099590760e-003	3.003413e-001	-8.019602e-001
1.895802573992654e-003	3.010887e-001	-6.789704e-001
1.896010815244122e-003	3.015346e-001	-5.956739e-001
1.896268336299150e-003	3.019422e-001	-4.926655e-001
1.896587981854552e-003	3.021415e-001	-3.648072e-001
1.896892883794951e-003	3.022290e-001	-2.428465e-001
1.897190672318357e-003	3.022526e-001	-1.237311e-001
1.897786249365168e-003	3.020262e-001	1.144997e-001
1.898487329634052e-003	3.013466e-001	3.949319e-001
1.899185672288410e-003	3.001973e-001	6.742689e-001
1.899186295453062e-003	3.001903e-001	6.745182e-001
1.899187541782366e-003	3.001703e-001	6.750167e-001
1.899190034440973e-003	3.001429e-001	6.760138e-001
1.899195019758188e-003	3.000909e-001	6.780079e-001
1.899203962052643e-003	3.000090e-001	6.815848e-001
1.899221846641553e-003	2.998887e-001	6.887386e-001
1.899257615819374e-003	2.997295e-001	7.030463e-001
1.899321107817755e-003	2.995322e-001	7.284431e-001
1.899516942874678e-003	2.990756e-001	8.067772e-001
1.899677121549833e-003	2.986537e-001	8.708486e-001
1.899684684849403e-003	2.986338e-001	8.738739e-001
1.899714938047683e-003	2.985488e-001	8.859752e-001
1.899838649609173e-003	2.981895e-001	9.354599e-001
1.899844047145913e-003	2.981740e-001	9.376189e-001
1.899919612660280e-003	2.979548e-001	9.678451e-001
1.900000000000001e-003	2.977216e-001	1.000000e+000
1.900001806547265e-003	2.974822e-001	1.000000e+000
1.900005419641793e-003	2.970035e-001	1.000000e+000
1.900012645830848e-003	2.961297e-001	1.000000e+000
1.900025139668039e-003	2.949845e-001	1.000000e+000
1.900041147038480e-003	2.941236e-001	1.000000e+000
1.900056242074852e-003	2.937354e-001	1.000000e+000
1.900073299069022e-003	2.934653e-001	1.000000e+000
1.900092031357983e-003	2.932517e-001	1.000000e+000
1.900122719307099e-003	2.931797e-001	1.000000e+000
1.900154388883373e-003	2.933620e-001	1.000000e+000
1.900189994228071e-003	2.936582e-001	1.000000e+000
1.900232517532753e-003	2.939368e-001	1.000000e+000
1.900317564142117e-003	2.941695e-001	1.000000e+000
1.900440936152019e-003	2.940344e-001	1.000000e+000
1.900670981783502e-003	2.933770e-001	1.000000e+000
1.920368998041533e-003	2.459248e-001	1.000000e+000
1.940067014299565e-003	1.993960e-001	1.000000e+000
1.959765030557596e-003	1.537906e-001	1.000000e+000
1.979463046815628e-003	1.091087e-001	1.000000e+000
1.999161063073659e-003	6.535012e-002	1.000000e+000
2.018859079331691e-003	2.251501e-002	1.000000e+000
2.038557095589722e-003	-1.939669e-002	1.000000e+000
2.053205533089722e-003	-5.002179e-002	1.000000e+000
2.067853970589723e-003	-8.017336e-002	1.000000e+000
2.097150845589724e-003	-1.390850e-001	1.000000e+000
2.126447720589725e-003	-1.961890e-001	1.000000e+000
2.170393033089727e-003	-2.785762e-001	1.000000e+000
2.207351562499994e-003	-3.450337e-001	1.000000e+000
2.212000000000000e-003	-3.532071e-001	1.000000e+000
2.212031711623562e-003	-3.552289e-001	9.873154e-001
2.212095134870685e-003	-3.575117e-001	9.619461e-001
2.212126451087692e-003	-3.577721e-001	9.494196e-001
2.212151834752291e-003	-3.576432e-001	9.392661e-001
2.212185568422157e-003	-3.574311e-001	9.257726e-001
2.212251999958465e-003	-3.569580e-001	8.992000e-001
2.212305263995625e-003	-3.567478e-001	8.778944e-001
2.212368909267020e-003	-3.567491e-001	8.524363e-001
2.212493401158710e-003	-3.570112e-001	8.026395e-001
2.213002026384792e-003	-3.581599e-001	5.991895e-001
2.213260139212539e-003	-3.585590e-001	4.959443e-001
2.213581828514237e-003	-3.587483e-001	3.672686e-001
2.213890526593787e-003	-3.588170e-001	2.437894e-001
2.214201037117234e-003	-3.588190e-001	1.195852e-001
2.214822058164128e-003	-3.585494e-001	-1.288233e-001
2.215420423247932e-003	-3.579283e-001	-3.681693e-001
2.216225936406966e-003	-3.564819e-001	-6.903746e-001
2.216243037933477e-003	-3.563855e-001	-6.972152e-001
2.216277240986499e-003	-3.561483e-001	-7.108964e-001
2.216334682020999e-003	-3.559267e-001	-7.338728e-001
2.216480946748296e-003	-3.555771e-001	-7.923787e-001
2.216632666171375e-003	-3.551964e-001	-8.530664e-001
2.216787467945429e-003	-3.547530e-001	-9.149872e-001
2.217000000000000e-003	-3.541217e-001	-1.000000e+000
2.217002393065468e-003	-3.538024e-001	-1.000000e+000
2.217007179196403e-003	-3.531790e-001	-1.000000e+000
2.217016751458271e-003	-3.520935e-001	-1.000000e+000
2.217029668522223e-003	-3.510815e-001	-1.000000e+000
2.217048098222344e-003	-3.503197e-001	-1.000000e+000
2.217062143868983e-003	-3.500300e-001	-1.000000e+000
2.217083637339417e-003	-3.497272e-001	-1.000000e+000
2.217103579623504e-003	-3.495806e-001	-1.000000e+000
2.217143464191674e-003	-3.496892e-001	-1.000000e+000
2.217185730149580e-003	-3.500102e-001	-1.000000e+000
2.217226825793226e-003	-3.503086e-001	-1.000000e+000
2.217285813102210e-003	-3.505277e-001	-1.000000e+000
2.217403787720177e-003	-3.504856e-001	-1.000000e+000
2.217531077753462e-003	-3.501461e-001	-1.000000e+000
2.217647100908021e-003	-3.498014e-001	-1.000000e+000
2.217812696513248e-003	-3.493775e-001	-1.000000e+000
2.219122375260781e-003	-3.461127e-001	-1.000000e+000
2.220432054008315e-003	-3.428516e-001	-1.000000e+000
2.221741732755848e-003	-3.395941e-001	-1.000000e+000
2.223051411503382e-003	-3.363403e-001	-1.000000e+000
2.224361090250916e-003	-3.330901e-001	-1.000000e+000
2.225670768998449e-003	-3.298435e-001	-1.000000e+000
2.226980447745983e-003	-3.266006e-001	-1.000000e+000
2.246425808489490e-003	-2.790672e-001	-1.000000e+000
2.265871169232998e-003	-2.324480e-001	-1.000000e+000
2.285316529976505e-003	-1.867430e-001	-1.000000e+000
2.304761890720013e-003	-1.419523e-001	-1.000000e+000
2.324207251463521e-003	-9.807571e-002	-1.000000e+000
2.343652612207028e-003	-5.511337e-002	-1.000000e+000
2.363097972950536e-003	-1.306523e-002	-1.000000e+000
2.377746410450536e-003	1.806182e-002	-1.000000e+000
2.392394847950537e-003	4.870756e-002	-1.000000e+000
2.407043285450538e-003	7.887945e-002	-1.000000e+000
2.436340160450539e-003	1.378308e-001	-1.000000e+000
2.465637035450540e-003	1.949732e-001	-1.000000e+000
2.515351562499999e-003	2.880479e-001	-1.000000e+000
2.520000000000000e-003	2.965110e-001	-1.000000e+000
2.520031804967404e-003	2.985316e-001	-9.872780e-001
2.520095414902212e-003	3.008149e-001	-9.618340e-001
2.520126934525725e-003	3.010761e-001	-9.492262e-001
2.520152412088193e-003	3.009461e-001	-9.390352e-001
2.520186339274744e-003	3.007334e-001	-9.254643e-001
2.520254193647847e-003	3.002596e-001	-8.983225e-001
2.520308388875871e-003	3.000570e-001	-8.766444e-001
2.520372935138399e-003	3.000701e-001	-8.508260e-001
2.520496100837270e-003	3.003434e-001	-8.015597e-001
2.520804143084433e-003	3.010916e-001	-6.783428e-001
2.521014601627179e-003	3.015418e-001	-5.941594e-001
2.521271921174266e-003	3.019462e-001	-4.912315e-001
2.521591730584851e-003	3.021421e-001	-3.633078e-001
2.521895844673135e-003	3.022297e-001	-2.416621e-001
2.522189313402371e-003	3.022538e-001	-1.242746e-001
2.522776250860843e-003	3.020238e-001	1.105003e-001
2.523547392441816e-003	3.012633e-001	4.189570e-001
2.524179299739802e-003	2.999902e-001	6.717199e-001
2.524335142084149e-003	2.995391e-001	7.340568e-001
2.524525869001636e-003	2.990440e-001	8.103476e-001
2.524671122064197e-003	2.986806e-001	8.684489e-001
2.524829008182499e-003	2.982172e-001	9.316033e-001
2.525000000000001e-003	2.977061e-001	1.000000e+000
2.525002198773673e-003	2.974121e-001	1.000000e+000
2.525006596321018e-003	2.968349e-001	1.000000e+000
2.525015391415707e-003	2.958198e-001	1.000000e+000
2.525028439527463e-003	2.947546e-001	1.000000e+000
2.525046025768654e-003	2.939745e-001	1.000000e+000
2.525060162356686e-003	2.936662e-001	1.000000e+000
2.525079216411678e-003	2.933834e-001	1.000000e+000
2.525098901130148e-003	2.932110e-001	1.000000e+000
2.525138270567086e-003	2.932620e-001	1.000000e+000
2.525174859288073e-003	2.935251e-001	1.000000e+000
2.525221541189591e-003	2.938869e-001	1.000000e+000
2.525270019258447e-003	2.941140e-001	1.000000e+000
2.525366975396159e-003	2.941746e-001	1.000000e+000
2.525478265301275e-003	2.939308e-001	1.000000e+000
2.525602894822843e-003	2.935591e-001	1.000000e+000
2.525735774332539e-003	2.932100e-001	1.000000e+000
2.529767311052144e-003	2.834104e-001	1.000000e+000
2.533798847771750e-003	2.736539e-001	1.000000e+000
2.537830384491356e-003	2.639405e-001	1.000000e+000
2.541861921210961e-003	2.542702e-001	1.000000e+000
2.545893457930566e-003	2.446431e-001	1.000000e+000
2.549924994650172e-003	2.350590e-001	1.000000e+000
2.553956531369778e-003	2.255181e-001	1.000000e+000
2.583253406369779e-003	1.572408e-001	1.000000e+000
2.612550281369780e-003	9.104389e-002	1.000000e+000
2.627198718869780e-003	5.871109e-002	1.000000e+000
2.641847156369781e-003	2.687825e-002	1.000000e+000
2.656495593869782e-003	-4.462385e-003	1.000000e+000
2.671144031369782e-003	-3.531841e-002	1.000000e+000
2.685792468869783e-003	-6.569733e-002	1.000000e+000
2.715089343869784e-003	-1.250532e-001	1.000000e+000
2.744386218869785e-003	-1.825877e-001	1.000000e+000
2.788331531369787e-003	-2.655962e-001	1.000000e+000
2.832000000000001e-003	-3.444153e-001	1.000000e+000
2.837000000000001e-003	-3.532024e-001	1.000000e+000
2.837034087461261e-003	-3.552771e-001	9.863650e-001
2.837102262383779e-003	-3.575644e-001	9.590951e-001
2.837133988565548e-003	-3.577727e-001	9.464046e-001
2.837160279858220e-003	-3.576078e-001	9.358881e-001
2.837194912508381e-003	-3.573723e-001	9.220350e-001
2.837257250761331e-003	-3.569385e-001	8.970997e-001
2.837313147878993e-003	-3.567397e-001	8.747408e-001
2.837377153677099e-003	-3.567549e-001	8.491386e-001
2.837488345519917e-003	-3.569963e-001	8.046618e-001
2.837793928765637e-003	-3.577267e-001	6.824285e-001
2.838023572718637e-003	-3.582017e-001	5.905709e-001
2.838285476747051e-003	-3.585885e-001	4.858093e-001
2.838601294212501e-003	-3.587528e-001	3.594823e-001
2.838900276760663e-003	-3.588225e-001	2.398893e-001
2.839178103067616e-003	-3.588351e-001	1.287588e-001
2.839694636824914e-003	-3.586091e-001	-7.785473e-002
2.840548108752701e-003	-3.577602e-001	-4.192435e-001
2.841130002689154e-003	-3.566890e-001	-6.520011e-001
2.841161602017155e-003	-3.565588e-001	-6.646408e-001
2.841224800673158e-003	-3.562692e-001	-6.899202e-001
2.841303098215795e-003	-3.560469e-001	-7.212393e-001
2.841722491578949e-003	-3.549365e-001	-8.889967e-001
2.842000000000001e-003	-3.541304e-001	-1.000000e+000
2.842002709665521e-003	-3.537690e-001	-1.000000e+000
2.842008128996558e-003	-3.530740e-001	-1.000000e+000
2.842018967658636e-003	-3.519007e-001	-1.000000e+000
2.842033113469505e-003	-3.508959e-001	-1.000000e+000
2.842052318977890e-003	-3.502224e-001	-1.000000e+000
2.842067659597254e-003	-3.499464e-001	-1.000000e+000
2.842087951817616e-003	-3.496881e-001	-1.000000e+000
2.842112269341808e-003	-3.495583e-001	-1.000000e+000
2.842145701869716e-003	-3.496949e-001	-1.000000e+000
2.842178173801779e-003	-3.499551e-001	-1.000000e+000
2.842220260223224e-003	-3.502614e-001	-1.000000e+000
2.842286404473250e-003	-3.505096e-001	-1.000000e+000
2.842418692973300e-003	-3.504537e-001	-1.000000e+000
2.842535931644862e-003	-3.501371e-001	-1.000000e+000
2.842662889583899e-003	-3.497590e-001	-1.000000e+000
2.863965837291552e-003	-2.972274e-001	-1.000000e+000
2.885268784999204e-003	-2.457981e-001	-1.000000e+000
2.906571732706857e-003	-1.954713e-001	-1.000000e+000
2.927874680414510e-003	-1.462469e-001	-1.000000e+000
2.949177628122163e-003	-9.812485e-002	-1.000000e+000
2.970480575829815e-003	-5.110524e-002	-1.000000e+000
2.991783523537468e-003	-5.188040e-003	-1.000000e+000
3.006431961037469e-003	2.581721e-002	-1.000000e+000
3.021080398537469e-003	5.634303e-002	-1.000000e+000
3.035728836037470e-003	8.639686e-002	-1.000000e+000
3.065025711037471e-003	1.451176e-001	-1.000000e+000
3.094322586037472e-003	2.020364e-001	-1.000000e+000
3.142282409049261e-003	2.915688e-001	-1.000000e+000
3.145000000000000e-003	2.964988e-001	-1.000000e+000
3.145018184098300e-003	2.980941e-001	-9.927264e-001
3.145054552294899e-003	3.001384e-001	-9.781791e-001
3.145089858990717e-003	3.009237e-001	-9.640564e-001
3.145109502168449e-003	3.010155e-001	-9.561991e-001
3.145140839115289e-003	3.009808e-001	-9.436644e-001
3.145184527934280e-003	3.006911e-001	-9.261888e-001
3.145225230817356e-003	3.003736e-001	-9.099077e-001
3.145274841522345e-003	3.001386e-001	-8.900634e-001
3.145345280621504e-003	3.000452e-001	-8.618878e-001
3.145427633519956e-003	3.001658e-001	-8.289466e-001
3.145632743394354e-003	3.007030e-001	-7.469026e-001
3.145856116377088e-003	3.012002e-001	-6.575534e-001
3.146250110858560e-003	3.018615e-001	-4.999557e-001
3.146644811830445e-003	3.021565e-001	-3.420753e-001
3.147018554699153e-003	3.022358e-001	-1.925781e-001
3.147441334645893e-003	3.021944e-001	-2.346614e-002
3.148099658187489e-003	3.018096e-001	2.398633e-001
3.148764828908274e-003	3.009697e-001	5.059316e-001
3.149165373721591e-003	3.000361e-001	6.661495e-001
3.149421771326745e-003	2.993021e-001	7.687085e-001
3.149618071715580e-003	2.988193e-001	8.472287e-001
3.149763390388695e-003	2.984072e-001	9.053562e-001
3.150000000000000e-003	2.977177e-001	1.000000e+000
3.150002514686143e-003	2.973832e-001	1.000000e+000
3.150007544058430e-003	2.967337e-001	1.000000e+000
3.150017602803003e-003	2.956162e-001	1.000000e+000
3.150031111032408e-003	2.945993e-001	1.000000e+000
3.150049723199244e-003	2.938781e-001	1.000000e+000
3.150063833001995e-003	2.936036e-001	1.000000e+000
3.150085083612118e-003	2.933145e-001	1.000000e+000
3.150106194483976e-003	2.931760e-001	1.000000e+000
3.150145843531918e-003	2.933085e-001	1.000000e+000
3.150184165472282e-003	2.936066e-001	1.000000e+000
3.150226528532920e-003	2.939159e-001	1.000000e+000
3.150286607277201e-003	2.941414e-001	1.000000e+000
3.150406764765763e-003	2.941037e-001	1.000000e+000
3.150521296912894e-003	2.938060e-001	1.000000e+000
3.150643144114942e-003	2.934484e-001	1.000000e+000
3.150802516624062e-003	2.930476e-001	1.000000e+000
3.152162816843013e-003	2.897382e-001	1.000000e+000
3.153523117061963e-003	2.864327e-001	1.000000e+000
3.154883417280913e-003	2.831311e-001	1.000000e+000
3.156243717499863e-003	2.798333e-001	1.000000e+000
3.157604017718813e-003	2.765394e-001	1.000000e+000
3.158964317937764e-003	2.732493e-001	1.000000e+000
3.160324618156714e-003	2.699631e-001	1.000000e+000
3.194814341127162e-003	1.883041e-001	1.000000e+000
3.224111216127163e-003	1.211539e-001	1.000000e+000
3.238759653627164e-003	8.835553e-002	1.000000e+000
3.253408091127164e-003	5.606431e-002	1.000000e+000
3.268056528627165e-003	2.427239e-002	1.000000e+000
3.282704966127165e-003	-7.027949e-003	1.000000e+000
3.297353403627166e-003	-3.784430e-002	1.000000e+000
3.312001841127166e-003	-6.818416e-002	1.000000e+000
3.341298716127168e-003	-1.274637e-001	1.000000e+000
3.370595591127169e-003	-1.849243e-001	1.000000e+000
3.414540903627170e-003	-2.678260e-001	1.000000e+000
3.457000000000000e-003	-3.444195e-001	1.000000e+000
3.462000000000000e-003	-3.532023e-001	1.000000e+000
3.462034086299561e-003	-3.552770e-001	9.863655e-001
3.462102258898680e-003	-3.575640e-001	9.590964e-001
3.462133951574539e-003	-3.577725e-001	9.464194e-001
3.462160250586719e-003	-3.576079e-001	9.358998e-001
3.462194866343344e-003	-3.573725e-001	9.220535e-001
3.462256802621978e-003	-3.569404e-001	8.972790e-001
3.462312572653540e-003	-3.567405e-001	8.749709e-001
3.462376410756116e-003	-3.567542e-001	8.494357e-001
3.462487562700246e-003	-3.569943e-001	8.049749e-001
3.462792626164415e-003	-3.577239e-001	6.829495e-001
3.463021040728804e-003	-3.581967e-001	5.915837e-001
3.463283193801235e-003	-3.585859e-001	4.867225e-001
3.463598375862919e-003	-3.587521e-001	3.606496e-001
3.463897362999902e-003	-3.588217e-001	2.410548e-001
3.464176994286958e-003	-3.588337e-001	1.292023e-001
3.464709360471416e-003	-3.585995e-001	-8.374419e-002
3.465553446947461e-003	-3.577526e-001	-4.213788e-001
3.466134876961730e-003	-3.566640e-001	-6.539508e-001
3.466170937368909e-003	-3.565214e-001	-6.683750e-001
3.466243058183268e-003	-3.562124e-001	-6.972232e-001
3.466322846224435e-003	-3.559967e-001	-7.291385e-001
3.466693861906555e-003	-3.550231e-001	-8.775448e-001
3.466865427579253e-003	-3.545218e-001	-9.461710e-001
3.467000000000000e-003	-3.541264e-001	-1.000000e+000
3.467002028817853e-003	-3.538586e-001	-1.000000e+000
3.467006086453558e-003	-3.533262e-001	-1.000000e+000
3.467014201724969e-003	-3.523687e-001	-1.000000e+000
3.467027073613805e-003	-3.512514e-001	-1.000000e+000
3.467043504164094e-003	-3.504440e-001	-1.000000e+000
3.467057992210051e-003	-3.501017e-001	-1.000000e+000
3.467075788624426e-003	-3.498284e-001	-1.000000e+000
3.467094748534813e-003	-3.496283e-001	-1.000000e+000
3.467127121014615e-003	-3.495932e-001	-1.000000e+000
3.467160025896695e-003	-3.498006e-001	-1.000000e+000
3.467199518196216e-003	-3.501234e-001	-1.000000e+000
3.467243061260589e-003	-3.503852e-001	-1.000000e+000
3.467330147389335e-003	-3.505718e-001	-1.000000e+000
3.467440791093051e-003	-3.504128e-001	-1.000000e+000
3.467668483383462e-003	-3.497469e-001	-1.000000e+000
3.489624715605420e-003	-2.956261e-001	-1.000000e+000
3.511580947827379e-003	-2.426741e-001	-1.000000e+000
3.533537180049337e-003	-1.908908e-001	-1.000000e+000
3.555493412271295e-003	-1.402762e-001	-1.000000e+000
3.577449644493253e-003	-9.083035e-002	-1.000000e+000
3.599405876715211e-003	-4.255323e-002	-1.000000e+000
3.621362108937170e-003	4.555172e-003	-1.000000e+000
3.636010546437170e-003	3.540976e-002	-1.000000e+000
3.650658983937171e-003	6.578726e-002	-1.000000e+000
3.679955858937172e-003	1.251404e-001	-1.000000e+000
3.709252733937173e-003	1.826722e-001	-1.000000e+000
3.717193860231122e-003	1.979629e-001	-1.000000e+000
3.725134986525071e-003	2.131303e-001	-1.000000e+000
3.733076112819020e-003	2.281746e-001	-1.000000e+000
3.741017239112970e-003	2.430957e-001	-1.000000e+000
3.748958365406919e-003	2.578936e-001	-1.000000e+000
3.756899491700868e-003	2.725684e-001	-1.000000e+000
3.764840617994817e-003	2.871199e-001	-1.000000e+000
3.769999999999999e-003	2.965025e-001	-1.000000e+000
3.770035132976451e-003	2.985961e-001	-9.859468e-001
3.770105398929354e-003	3.008832e-001	-9.578404e-001
3.770137394750864e-003	3.010731e-001	-9.450421e-001
3.770164139969627e-003	3.008952e-001	-9.343440e-001
3.770199255474539e-003	3.006524e-001	-9.202978e-001
3.770260618264005e-003	3.002373e-001	-8.957527e-001
3.770318241814992e-003	3.000501e-001	-8.727033e-001
3.770382994526178e-003	3.000796e-001	-8.468022e-001
3.770489842809130e-003	3.003240e-001	-8.040629e-001
3.770797540764122e-003	3.010784e-001	-6.809837e-001
3.771051208941860e-003	3.016120e-001	-5.795164e-001
3.771314675118039e-003	3.019925e-001	-4.741299e-001
3.771639498032432e-003	3.021539e-001	-3.442008e-001
3.771901577655333e-003	3.022328e-001	-2.393689e-001
3.772172042385991e-003	3.022724e-001	-1.311830e-001
3.772546210355421e-003	3.021652e-001	1.848414e-002
3.773225662950599e-003	3.016852e-001	2.902652e-001
3.773927052610204e-003	3.005683e-001	5.708210e-001
3.774393899933505e-003	2.992932e-001	7.575600e-001
3.774443857323924e-003	2.991889e-001	7.775429e-001
3.774543772104762e-003	2.990195e-001	8.175088e-001
3.774798723227543e-003	2.983051e-001	9.194893e-001
3.775000000000001e-003	2.977013e-001	1.000000e+000
3.775002367060985e-003	2.973920e-001	1.000000e+000
3.775007101182955e-003	2.967854e-001	1.000000e+000
3.775016569426892e-003	2.957216e-001	1.000000e+000
3.775029671002747e-003	2.946917e-001	1.000000e+000
3.775047888351981e-003	2.939256e-001	1.000000e+000
3.775062172565869e-003	2.936286e-001	1.000000e+000
3.775083934613125e-003	2.933261e-001	1.000000e+000
3.775103800073143e-003	2.931839e-001	1.000000e+000
3.775143530993182e-003	2.932953e-001	1.000000e+000
3.775185895414786e-003	2.936194e-001	1.000000e+000
3.775227289371316e-003	2.939220e-001	1.000000e+000
3.775286035033567e-003	2.941428e-001	1.000000e+000
3.775403526358070e-003	2.941106e-001	1.000000e+000
3.775518724473589e-003	2.938130e-001	1.000000e+000
3.775640525177711e-003	2.934552e-001	1.000000e+000
3.775796476359497e-003	2.930621e-001	1.000000e+000
3.777118411446675e-003	2.898460e-001	1.000000e+000
3.778440346533853e-003	2.866335e-001	1.000000e+000
3.779762281621032e-003	2.834247e-001	1.000000e+000
3.781084216708210e-003	2.802195e-001	1.000000e+000
3.782406151795389e-003	2.770179e-001	1.000000e+000
3.783728086882567e-003	2.738199e-001	1.000000e+000
3.785050021969745e-003	2.706256e-001	1.000000e+000
3.819834922985611e-003	1.882560e-001	1.000000e+000
3.849131797985612e-003	1.211073e-001	1.000000e+000
3.863780235485613e-003	8.830965e-002	1.000000e+000
3.878428672985613e-003	5.601913e-002	1.000000e+000
3.893077110485614e-003	2.422791e-002	1.000000e+000
3.907725547985614e-003	-7.071743e-003	1.000000e+000
3.922373985485615e-003	-3.788742e-002	1.000000e+000
3.937022422985615e-003	-6.822661e-002	1.000000e+000
3.966319297985617e-003	-1.275049e-001	1.000000e+000
3.995616172985618e-003	-1.849642e-001	1.000000e+000
4.039561485485619e-003	-2.678640e-001	1.000000e+000
4.082000000000001e-003	-3.444196e-001	1.000000e+000
4.087000000000000e-003	-3.532017e-001	1.000000e+000
4.087034078378333e-003	-3.552766e-001	9.863687e-001
4.087102235134999e-003	-3.575641e-001	9.591060e-001
4.087133927160104e-003	-3.577726e-001	9.464291e-001
4.087160217189353e-003	-3.576082e-001	9.359131e-001
4.087194826198761e-003	-3.573729e-001	9.220695e-001
4.087256810504827e-003	-3.569405e-001	8.972758e-001
4.087312556331695e-003	-3.567407e-001	8.749775e-001
4.087376388903170e-003	-3.567543e-001	8.494444e-001
4.087487592782923e-003	-3.569945e-001	8.049629e-001
4.087792717571663e-003	-3.577242e-001	6.829129e-001
4.088020797837237e-003	-3.581964e-001	5.916809e-001
4.088282914868352e-003	-3.585857e-001	4.868340e-001
4.088598164735998e-003	-3.587522e-001	3.607341e-001
4.088897250812153e-003	-3.588218e-001	2.410997e-001
4.089177188427310e-003	-3.588336e-001	1.291246e-001
4.089711902134044e-003	-3.585979e-001	-8.476085e-002
4.090555019070814e-003	-3.577507e-001	-4.220076e-001
4.091135235124560e-003	-3.566615e-001	-6.540940e-001
4.091171876060472e-003	-3.565175e-001	-6.687504e-001
4.091245157932296e-003	-3.562063e-001	-6.980632e-001
4.091325290081755e-003	-3.559909e-001	-7.301160e-001
4.091689430412306e-003	-3.550369e-001	-8.757722e-001
4.091890267811593e-003	-3.544485e-001	-9.561071e-001
4.092000000000000e-003	-3.541274e-001	-1.000000e+000
4.092001915345743e-003	-3.538733e-001	-1.000000e+000
4.092005746037231e-003	-3.533659e-001	-1.000000e+000
4.092013407420206e-003	-3.524432e-001	-1.000000e+000
4.092025391112706e-003	-3.513640e-001	-1.000000e+000
4.092042021345074e-003	-3.504964e-001	-1.000000e+000
4.092056586621748e-003	-3.501281e-001	-1.000000e+000
4.092073721315979e-003	-3.498583e-001	-1.000000e+000
4.092092440737726e-003	-3.496459e-001	-1.000000e+000
4.092123481189581e-003	-3.495786e-001	-1.000000e+000
4.092155384675505e-003	-3.497640e-001	-1.000000e+000
4.092191352252767e-003	-3.500607e-001	-1.000000e+000
4.092234180472314e-003	-3.503355e-001	-1.000000e+000
4.092319836911409e-003	-3.505586e-001	-1.000000e+000
4.092438836305046e-003	-3.504175e-001	-1.000000e+000
4.092667260614148e-003	-3.497500e-001	-1.000000e+000
4.128112529971417e-003	-2.629366e-001	-1.000000e+000
4.157409404971418e-003	-1.934963e-001	-1.000000e+000
4.186706279971419e-003	-1.261868e-001	-1.000000e+000
4.201354717471420e-003	-9.331058e-002	-1.000000e+000
4.216003154971421e-003	-6.094274e-002	-1.000000e+000
4.230651592471421e-003	-2.907539e-002	-1.000000e+000
4.245300029971422e-003	2.299219e-003	-1.000000e+000
4.259948467471422e-003	3.318869e-002	-1.000000e+000
4.274596904971423e-003	6.360054e-002	-1.000000e+000
4.303893779971424e-003	1.230208e-001	-1.000000e+000
4.333190654971425e-003	1.806176e-001	-1.000000e+000
4.341306275689793e-003	1.962575e-001	-1.000000e+000
4.349421896408160e-003	2.117694e-001	-1.000000e+000
4.357537517126528e-003	2.271535e-001	-1.000000e+000
4.365653137844897e-003	2.424097e-001	-1.000000e+000
4.373768758563264e-003	2.575380e-001	-1.000000e+000
4.381884379281632e-003	2.725385e-001	-1.000000e+000
4.390000000000000e-003	2.874110e-001	-1.000000e+000
4.395000000000000e-003	2.965034e-001	-1.000000e+000
4.395034156648464e-003	2.985779e-001	-9.863374e-001
4.395102469945393e-003	3.008660e-001	-9.590120e-001
4.395134230210148e-003	3.010756e-001	-9.463079e-001
4.395160613221311e-003	3.009115e-001	-9.357547e-001
4.395195332580931e-003	3.006768e-001	-9.218670e-001
4.395257467409913e-003	3.002490e-001	-8.970130e-001
4.395313727677420e-003	3.000539e-001	-8.745089e-001
4.395377933604727e-003	3.000741e-001	-8.488266e-001
4.395488694038750e-003	3.003220e-001	-8.045224e-001
4.395794018871987e-003	3.010704e-001	-6.823925e-001
4.396028461961113e-003	3.015685e-001	-5.886152e-001
4.396290608714147e-003	3.019674e-001	-4.837565e-001
4.396606535448848e-003	3.021463e-001	-3.573858e-001
4.396904722574034e-003	3.022341e-001	-2.381110e-001
4.397178103063800e-003	3.022648e-001	-1.287588e-001
4.397662279557298e-003	3.020755e-001	6.491182e-002
4.398630632544292e-003	3.011540e-001	4.522530e-001
4.399116336707046e-003	3.001671e-001	6.465347e-001
4.399372399534328e-003	2.994185e-001	7.489598e-001
4.399487874345435e-003	2.991310e-001	7.951497e-001
4.399634281101407e-003	2.987800e-001	8.537124e-001
4.399795210671745e-003	2.983137e-001	9.180843e-001
4.400000000000001e-003	2.977097e-001	1.000000e+000
4.400002360447998e-003	2.973940e-001	1.000000e+000
4.400007081343990e-003	2.967786e-001	1.000000e+000
4.400016523135973e-003	2.957106e-001	1.000000e+000
4.400029838179009e-003	2.946714e-001	1.000000e+000
4.400048033565198e-003	2.939225e-001	1.000000e+000
4.400062117899969e-003	2.936340e-001	1.000000e+000
4.400083474674466e-003	2.933322e-001	1.000000e+000
4.400103629197663e-003	2.931853e-001	1.000000e+000
4.400143938244059e-003	2.932991e-001	1.000000e+000
4.400186959544831e-003	2.936282e-001	1.000000e+000
4.400227854963770e-003	2.939250e-001	1.000000e+000
4.400287975397797e-003	2.941450e-001	1.000000e+000
4.400408216265851e-003	2.941010e-001	1.000000e+000
4.400522875630988e-003	2.938009e-001	1.000000e+000
4.400644924522263e-003	2.934433e-001	1.000000e+000
4.400803824671153e-003	2.930442e-001	1.000000e+000
4.402134471554233e-003	2.898070e-001	1.000000e+000
4.403465118437313e-003	2.865734e-001	1.000000e+000
4.404795765320393e-003	2.833434e-001	1.000000e+000
4.406126412203474e-003	2.801170e-001	1.000000e+000
4.407457059086554e-003	2.768942e-001	1.000000e+000
4.408787705969635e-003	2.736750e-001	1.000000e+000
4.410118352852715e-003	2.704595e-001	1.000000e+000
4.443389424089370e-003	1.916236e-001	1.000000e+000
4.472686299089371e-003	1.243716e-001	1.000000e+000
4.487334736589372e-003	9.152343e-002	1.000000e+000
4.501983174089373e-003	5.918323e-002	1.000000e+000
4.516631611589373e-003	2.734308e-002	1.000000e+000
4.531280049089374e-003	-4.004742e-003	1.000000e+000
4.545928486589374e-003	-3.486785e-002	1.000000e+000
4.560576924089375e-003	-6.525373e-002	1.000000e+000
4.589873799089376e-003	-1.246232e-001	1.000000e+000
4.619170674089377e-003	-1.821709e-001	1.000000e+000
4.663115986589379e-003	-2.651984e-001	1.000000e+000
4.708585263948031e-003	-3.472115e-001	1.000000e+000
4.712000000000001e-003	-3.532020e-001	1.000000e+000
4.712023038997941e-003	-3.549889e-001	9.907844e-001
4.712069116993824e-003	-3.571901e-001	9.723532e-001
4.712100503354107e-003	-3.577077e-001	9.597986e-001
4.712122179084488e-003	-3.577202e-001	9.511284e-001
4.712153315607830e-003	-3.576151e-001	9.386737e-001
4.712206429212473e-003	-3.572270e-001	9.174283e-001
4.712257636773447e-003	-3.568912e-001	8.969453e-001
4.712307560931122e-003	-3.567552e-001	8.769757e-001
4.712407409246470e-003	-3.568091e-001	8.370363e-001
4.712498141193261e-003	-3.570220e-001	8.007435e-001
4.712728097734332e-003	-3.575865e-001	7.087609e-001
4.712972367963121e-003	-3.580639e-001	6.110528e-001
4.713460908420701e-003	-3.586645e-001	4.156366e-001
4.713828685192968e-003	-3.587925e-001	2.685259e-001
4.714096135617249e-003	-3.588492e-001	1.615458e-001
4.714330587828700e-003	-3.588392e-001	6.776487e-002
4.714572828321852e-003	-3.587397e-001	-2.913133e-002
4.714835410635632e-003	-3.585985e-001	-1.341643e-001
4.715244149092411e-003	-3.582109e-001	-2.976596e-001
4.715986701690954e-003	-3.571510e-001	-5.946807e-001
4.716054304578835e-003	-3.568121e-001	-6.217218e-001
4.716118677875828e-003	-3.565715e-001	-6.474711e-001
4.716189656716828e-003	-3.563711e-001	-6.758627e-001
4.717000000000001e-003	-3.541151e-001	-1.000000e+000
4.717002499647240e-003	-3.537834e-001	-1.000000e+000
4.717007498941720e-003	-3.531399e-001	-1.000000e+000
4.717017497530680e-003	-3.520333e-001	-1.000000e+000
4.717031153498764e-003	-3.510081e-001	-1.000000e+000
4.717049957460504e-003	-3.502782e-001	-1.000000e+000
4.717064180438402e-003	-3.499998e-001	-1.000000e+000
4.717085600162882e-003	-3.497088e-001	-1.000000e+000
4.717106944740059e-003	-3.495717e-001	-1.000000e+000
4.717146459504114e-003	-3.497069e-001	-1.000000e+000
4.717184085625478e-003	-3.499984e-001	-1.000000e+000
4.717226730998798e-003	-3.503063e-001	-1.000000e+000
4.717287383461029e-003	-3.505282e-001	-1.000000e+000
4.717408688385490e-003	-3.504789e-001	-1.000000e+000
4.717522418517969e-003	-3.501753e-001	-1.000000e+000
4.717645005981996e-003	-3.498085e-001	-1.000000e+000
4.717805009234639e-003	-3.493970e-001	-1.000000e+000
4.719187394847757e-003	-3.459510e-001	-1.000000e+000
4.720569780460873e-003	-3.425092e-001	-1.000000e+000
4.721952166073990e-003	-3.390717e-001	-1.000000e+000
4.723334551687108e-003	-3.356383e-001	-1.000000e+000
4.724716937300225e-003	-3.322091e-001	-1.000000e+000
4.726099322913341e-003	-3.287842e-001	-1.000000e+000
4.727481708526458e-003	-3.253634e-001	-1.000000e+000
4.762627513775283e-003	-2.401464e-001	-1.000000e+000
4.791924388775284e-003	-1.714054e-001	-1.000000e+000
4.821221263775285e-003	-1.047738e-001	-1.000000e+000
4.835869701275286e-003	-7.222868e-002	-1.000000e+000
4.850518138775286e-003	-4.018682e-002	-1.000000e+000
4.865166576275287e-003	-8.640404e-003	-1.000000e+000
4.879815013775287e-003	2.241822e-002	-1.000000e+000
4.894463451275288e-003	5.299661e-002	-1.000000e+000
4.909111888775289e-003	8.310217e-002	-1.000000e+000
4.938408763775290e-003	1.419240e-001	-1.000000e+000
4.967705638775291e-003	1.989408e-001	-1.000000e+000
4.997002513775292e-003	2.542922e-001	-1.000000e+000
4.999999999999999e-003	2.598656e-001	-1.000000e+000
