time	V(iterative)	V(recursive)
0.000000000000000e+000	1.759599e-017	-1.771107e-017
7.142857124823165e-008	8.105619e-007	4.607864e-007
1.428571424964633e-007	3.749570e-007	1.642009e-007
2.142857137446950e-007	-1.306815e-006	-8.897566e-007
2.857142849929266e-007	-4.234753e-006	-2.701086e-006
3.571428562411582e-007	-8.408859e-006	-5.269787e-006
4.285714274893899e-007	-1.382913e-005	-8.595860e-006
4.999999987376214e-007	-2.049557e-005	-1.267931e-005
9.999999974752427e-007	-1.266118e-004	-6.208622e-005
1.928321704140106e-006	-4.523208e-004	-1.633426e-004
3.237168374022483e-006	-1.002790e-003	-2.673641e-004
1.889100425622486e-005	-7.881414e-003	-1.248710e-003
3.524273616756854e-005	-1.505449e-002	-2.261770e-003
6.794619999025590e-005	-2.931713e-002	-4.224814e-003
1.167743249902559e-004	-5.034494e-002	-6.954214e-003
1.656024499902559e-004	-7.090141e-002	-9.329192e-003
2.144305749902559e-004	-9.076844e-002	-1.118778e-002
2.632586999902559e-004	-1.097573e-001	-1.239189e-002
3.120868249902559e-004	-1.276913e-001	-1.281458e-002
3.609149499902559e-004	-1.444079e-001	-1.234225e-002
4.097430749902559e-004	-1.597609e-001	-1.087665e-002
4.585711999902559e-004	-1.736227e-001	-8.336582e-003
5.073993249902559e-004	-1.858855e-001	-4.659462e-003
5.562274499902560e-004	-1.964630e-001	1.975293e-004
6.050555749902560e-004	-2.052913e-001	6.256527e-003
6.538836999902560e-004	-2.123296e-001	1.351841e-002
7.027118249902561e-004	-2.175605e-001	2.196256e-002
7.515399499902561e-004	-2.209904e-001	3.154695e-002
8.003680749902562e-004	-2.226488e-001	4.220855e-002
8.491961999902562e-004	-2.225878e-001	5.386411e-002
8.980243249902563e-004	-2.208811e-001	6.641120e-002
9.468524499902563e-004	-2.176229e-001	7.972962e-002
9.956805749902562e-004	-2.129262e-001	9.368300e-002
1.044508699990256e-003	-2.069208e-001	1.081208e-001
1.093336824990256e-003	-1.997515e-001	1.228803e-001
1.142164949990256e-003	-1.915757e-001	1.377890e-001
1.190993074990256e-003	-1.825609e-001	1.526675e-001
1.239821199990257e-003	-1.728822e-001	1.673313e-001
1.288649324990257e-003	-1.627195e-001	1.815943e-001
1.337477449990257e-003	-1.522547e-001	1.952713e-001
1.386305574990257e-003	-1.416694e-001	2.081804e-001
1.435133699990257e-003	-1.311414e-001	2.201463e-001
1.483961824990257e-003	-1.208428e-001	2.310028e-001
1.532789949990257e-003	-1.109367e-001	2.405949e-001
1.581618074990257e-003	-1.015756e-001	2.487817e-001
1.630446199990257e-003	-9.289832e-002	2.554383e-001
1.679274324990257e-003	-8.502872e-002	2.604579e-001
1.728102449990257e-003	-7.807349e-002	2.637534e-001
1.776930574990257e-003	-7.212075e-002	2.652586e-001
1.825758699990257e-003	-6.717470e-002	2.650355e-001
1.863518305458652e-003	-6.414558e-002	2.635402e-001
1.908231465732116e-003	-6.152400e-002	2.602028e-001
1.957059590732116e-003	-5.972360e-002	2.548668e-001
2.005887715732116e-003	-5.904017e-002	2.477763e-001
2.054715840732115e-003	-5.946729e-002	2.389579e-001
2.103543965732115e-003	-6.095374e-002	2.284995e-001
2.152372090732115e-003	-6.342888e-002	2.165102e-001
2.201200215732115e-003	-6.680384e-002	2.031186e-001
2.250028340732115e-003	-7.097314e-002	1.884716e-001
2.298856465732115e-003	-7.581651e-002	1.727318e-001
2.347684590732114e-003	-8.120090e-002	1.560758e-001
2.396512715732114e-003	-8.698271e-002	1.386916e-001
2.445340840732114e-003	-9.301029e-002	1.207759e-001
2.494168965732114e-003	-9.912636e-002	1.025317e-001
2.542997090732114e-003	-1.051707e-001	8.416512e-002
2.591825215732114e-003	-1.109829e-001	6.588285e-002
2.640653340732113e-003	-1.164047e-001	4.788921e-002
2.689481465732113e-003	-1.212832e-001	3.038331e-002
2.738309590732113e-003	-1.254728e-001	1.355637e-002
2.787137715732113e-003	-1.288381e-001	-2.410957e-003
2.835965840732113e-003	-1.312560e-001	-1.735100e-002
2.884793965732112e-003	-1.326178e-001	-3.111135e-002
2.933622090732112e-003	-1.328311e-001	-4.355692e-002
2.982450215732112e-003	-1.318216e-001	-5.457172e-002
3.031278340732112e-003	-1.295342e-001	-6.406036e-002
3.080106465732112e-003	-1.259944e-001	-7.202480e-002
3.120078601709180e-003	-1.221054e-001	-7.731432e-002
3.160670728607999e-003	-1.171528e-001	-8.141421e-002
3.209498853607999e-003	-1.100102e-001	-8.480856e-002
3.258326978607999e-003	-1.016649e-001	-8.660150e-002
3.307155103607999e-003	-9.212584e-002	-8.675591e-002
3.355983228607999e-003	-8.147786e-002	-8.532826e-002
3.404811353607999e-003	-6.982474e-002	-8.239637e-002
3.453639478607998e-003	-5.728804e-002	-7.805809e-002
3.502467603607998e-003	-4.400530e-002	-7.242970e-002
3.551295728607998e-003	-3.012816e-002	-6.564404e-002
3.600123853607998e-003	-1.582015e-002	-5.784839e-002
3.648951978607998e-003	-1.254334e-003	-4.920216e-002
3.697780103607998e-003	1.338919e-002	-3.987440e-002
3.746608228607997e-003	2.792595e-002	-3.004125e-002
3.795436353607997e-003	4.216982e-002	-1.988313e-002
3.844264478607997e-003	5.593577e-002	-9.582086e-003
3.893092603607997e-003	6.904267e-002	6.810225e-004
3.941920728607997e-003	8.131592e-002	1.072923e-002
3.990748853607997e-003	9.259018e-002	2.039214e-002
4.039576978607996e-003	1.027118e-001	2.950843e-002
4.088405103607996e-003	1.115413e-001	3.792828e-002
4.137233228607996e-003	1.189552e-001	4.551553e-002
4.186061353607996e-003	1.248485e-001	5.214973e-002
4.234889478607996e-003	1.291357e-001	5.772780e-002
4.283717603607995e-003	1.317526e-001	6.216554e-002
4.332545728607995e-003	1.327225e-001	6.544603e-002
4.374050367661050e-003	1.322112e-001	6.727412e-002
4.412147038690514e-003	1.305165e-001	6.805366e-002
4.460975163690514e-003	1.267934e-001	6.789716e-002
4.509803288690514e-003	1.214960e-001	6.655148e-002
4.558631413690514e-003	1.145950e-001	6.398077e-002
4.607459538690514e-003	1.061782e-001	6.023984e-002
4.656287663690513e-003	9.635410e-002	5.540299e-002
4.705115788690513e-003	8.525069e-002	4.956269e-002
4.753943913690513e-003	7.301379e-002	4.282798e-002
4.802772038690513e-003	5.980492e-002	3.532268e-002
4.851600163690513e-003	4.579915e-002	2.718328e-002
4.900428288690513e-003	3.118265e-002	1.855667e-002
4.949256413690512e-003	1.615011e-002	9.597776e-003
4.998084538690512e-003	9.020214e-004	4.669384e-004
5.046912663690512e-003	-1.435811e-002	-8.672663e-003
5.095740788690512e-003	-2.942660e-002	-1.765771e-002
5.144568913690512e-003	-4.410246e-002	-2.632740e-002
5.193397038690512e-003	-5.819018e-002	-3.452612e-002
5.242225163690511e-003	-7.150243e-002	-4.210597e-002
5.291053288690511e-003	-8.386272e-002	-4.892919e-002
5.339881413690511e-003	-9.510779e-002	-5.487050e-002
5.388709538690511e-003	-1.050899e-001	-5.981914e-002
5.437537663690511e-003	-1.136788e-001	-6.368075e-002
5.486365788690511e-003	-1.207636e-001	-6.637897e-002
5.535193913690510e-003	-1.262541e-001	-6.785680e-002
5.584022038690510e-003	-1.301385e-001	-6.811949e-002
5.626454122016710e-003	-1.321598e-001	-6.733675e-002
5.664867771791923e-003	-1.327463e-001	-6.571496e-002
5.713695896791922e-003	-1.319087e-001	-6.251258e-002
5.762524021791922e-003	-1.294487e-001	-5.816824e-002
5.811352146791922e-003	-1.253137e-001	-5.267708e-002
5.860180271791922e-003	-1.195658e-001	-4.612169e-002
5.909008396791922e-003	-1.122884e-001	-3.860361e-002
5.957836521791922e-003	-1.035850e-001	-3.024195e-002
6.006664646791921e-003	-9.357724e-002	-2.117162e-002
6.055492771791921e-003	-8.240335e-002	-1.154140e-002
6.104320896791921e-003	-7.021573e-002	-1.511763e-003
6.153149021791921e-003	-5.717875e-002	8.747530e-003
6.201977146791921e-003	-4.346623e-002	1.905994e-002
6.250805271791921e-003	-2.925884e-002	2.924479e-002
6.299633396791920e-003	-1.474135e-002	3.912001e-002
6.348461521791920e-003	-9.990806e-005	4.850487e-002
6.397289646791920e-003	1.448075e-002	5.722277e-002
6.446117771791920e-003	2.882002e-002	6.510390e-002
6.494945896791920e-003	4.274407e-002	7.198793e-002
6.543774021791919e-003	5.608837e-002	7.772639e-002
6.592602146791919e-003	6.870011e-002	8.218513e-002
6.641430271791919e-003	8.044034e-002	8.524635e-002
6.690258396791919e-003	9.118597e-002	8.681057e-002
6.739086521791919e-003	1.008315e-001	8.679815e-002
6.787914646791919e-003	1.092903e-001	8.515079e-002
6.836742771791918e-003	1.164960e-001	8.183244e-002
6.885570896791918e-003	1.224352e-001	7.687017e-002
6.929712005813367e-003	1.266375e-001	7.090663e-002
6.978540130813366e-003	1.299921e-001	6.270626e-002
7.027368255813366e-003	1.320702e-001	5.295644e-002
7.076196380813366e-003	1.328780e-001	4.169462e-002
7.125024505813366e-003	1.324736e-001	2.901976e-002
7.173852630813366e-003	1.309345e-001	1.505120e-002
7.222680755813365e-003	1.283558e-001	-7.292239e-005
7.271508880813365e-003	1.248487e-001	-1.619748e-002
7.320337005813365e-003	1.205384e-001	-3.315244e-002
7.369165130813365e-003	1.155620e-001	-5.075518e-002
7.417993255813365e-003	1.100666e-001	-6.881297e-002
7.466821380813365e-003	1.042061e-001	-8.712563e-002
7.515649505813364e-003	9.813928e-002	-1.054882e-001
7.564477630813364e-003	9.202669e-002	-1.236940e-001
7.613305755813364e-003	8.602827e-002	-1.415371e-001
7.662133880813364e-003	8.030055e-002	-1.588154e-001
7.710962005813364e-003	7.499409e-002	-1.753335e-001
7.759790130813364e-003	7.025089e-002	-1.909051e-001
7.808618255813363e-003	6.620210e-002	-2.053559e-001
7.857446380813364e-003	6.296576e-002	-2.185257e-001
7.906274505813365e-003	6.064476e-002	-2.302707e-001
7.955102630813365e-003	5.932513e-002	-2.404652e-001
8.003930755813366e-003	5.907445e-002	-2.490038e-001
8.052758880813367e-003	5.994068e-002	-2.558023e-001
8.101587005813368e-003	6.195122e-002	-2.607988e-001
8.150415130813368e-003	6.511228e-002	-2.639546e-001
8.199243255813369e-003	6.940863e-002	-2.652547e-001
8.248071380813370e-003	7.480369e-002	-2.647076e-001
8.296899505813370e-003	8.123984e-002	-2.623451e-001
8.345727630813371e-003	8.863924e-002	-2.582217e-001
8.394555755813372e-003	9.690480e-002	-2.524137e-001
8.443383880813372e-003	1.059216e-001	-2.450178e-001
8.492212005813373e-003	1.155584e-001	-2.361498e-001
8.541040130813374e-003	1.256696e-001	-2.259424e-001
8.589868255813375e-003	1.360975e-001	-2.145436e-001
8.638696380813375e-003	1.466745e-001	-2.021140e-001
8.687524505813376e-003	1.572252e-001	-1.888245e-001
8.736352630813377e-003	1.675700e-001	-1.748540e-001
8.785180755813377e-003	1.775266e-001	-1.603859e-001
8.834008880813378e-003	1.869138e-001	-1.456066e-001
8.882837005813379e-003	1.955536e-001	-1.307014e-001
8.931665130813379e-003	2.032741e-001	-1.158528e-001
8.980493255813380e-003	2.099123e-001	-1.012371e-001
9.029321380813381e-003	2.153166e-001	-8.702253e-002
9.078149505813381e-003	2.193488e-001	-7.336605e-002
9.126977630813382e-003	2.218868e-001	-6.041164e-002
9.175805755813383e-003	2.228265e-001	-4.828812e-002
9.224633880813384e-003	2.220830e-001	-3.710730e-002
9.273462005813384e-003	2.195927e-001	-2.696253e-002
9.322290130813385e-003	2.153966e-001	-1.787377e-002
9.362229063928387e-003	2.105785e-001	-1.132912e-002
9.407751902018379e-003	2.035088e-001	-4.911417e-003
9.456580027018380e-003	1.942561e-001	8.422238e-004
9.505408152018380e-003	1.832968e-001	5.418017e-003
9.554236277018381e-003	1.706696e-001	8.822532e-003
9.603064402018382e-003	1.564656e-001	1.110326e-002
9.651892527018383e-003	1.407971e-001	1.232722e-002
9.700720652018383e-003	1.237961e-001	1.257968e-002
9.749548777018384e-003	1.056125e-001	1.196264e-002
9.798376902018385e-003	8.641227e-002	1.059295e-002
9.847205027018385e-003	6.637495e-002	8.600350e-003
9.896033152018386e-003	4.569161e-002	6.125163e-003
9.944861277018387e-003	2.456203e-002	3.315923e-003
9.993689402018387e-003	3.192051e-003	3.268343e-004
1.004251752701839e-002	-1.820919e-002	-2.684845e-003
1.009134565201839e-002	-3.943216e-002	-5.561469e-003
1.014017377701839e-002	-6.026972e-002	-8.147677e-003
1.018900190201839e-002	-8.051999e-002	-1.029303e-002
1.023783002701839e-002	-9.998908e-002	-1.185458e-002
1.028665815201839e-002	-1.184937e-001	-1.269928e-002
1.033548627701839e-002	-1.358635e-001	-1.270634e-002
1.038431440201839e-002	-1.519438e-001	-1.176926e-002
1.043314252701839e-002	-1.665969e-001	-9.797772e-003
1.048197065201839e-002	-1.797046e-001	-6.719425e-003
1.053079877701840e-002	-1.911692e-001	-2.480974e-003
1.057962690201840e-002	-2.009989e-001	2.893868e-003
1.061929773223714e-002	-2.076729e-001	8.155720e-003
1.066038045009555e-002	-2.132017e-001	1.452720e-002
1.070920857509555e-002	-2.181203e-001	2.317320e-002
1.075803670009555e-002	-2.213123e-001	3.290500e-002
1.080686482509555e-002	-2.227384e-001	4.370408e-002
1.085569295009555e-002	-2.224537e-001	5.548457e-002
1.090452107509555e-002	-2.205348e-001	6.814159e-002
1.095334920009555e-002	-2.170783e-001	8.155268e-002
1.100217732509556e-002	-2.121996e-001	9.557949e-002
1.105100545009556e-002	-2.060307e-001	1.100697e-001
1.109983357509556e-002	-1.987182e-001	1.248592e-001
1.114866170009556e-002	-1.904209e-001	1.397744e-001
1.119748982509556e-002	-1.813076e-001	1.546350e-001
1.124631795009556e-002	-1.715540e-001	1.692562e-001
1.129514607509556e-002	-1.613405e-001	1.834519e-001
1.134397420009556e-002	-1.508494e-001	1.970370e-001
1.139280232509556e-002	-1.402615e-001	2.098306e-001
1.144163045009556e-002	-1.297543e-001	2.216583e-001
1.149045857509556e-002	-1.194987e-001	2.323552e-001
1.153928670009556e-002	-1.096566e-001	2.417681e-001
1.158811482509556e-002	-1.003787e-001	2.497581e-001
1.163694295009556e-002	-9.180215e-002	2.562027e-001
1.168577107509556e-002	-8.404846e-002	2.609975e-001
1.173459920009557e-002	-7.722194e-002	2.640581e-001
1.178342732509557e-002	-7.140818e-002	2.653214e-001
1.183225545009557e-002	-6.662916e-002	2.648182e-001
1.187357772413192e-002	-6.344575e-002	2.629660e-001
1.191197136451254e-002	-6.130612e-002	2.599213e-001
1.196079948951254e-002	-5.963115e-002	2.543865e-001
1.200962761451254e-002	-5.903414e-002	2.471610e-001
1.205845573951254e-002	-5.954446e-002	2.382136e-001
1.210728386451254e-002	-6.110938e-002	2.276338e-001
1.215611198951254e-002	-6.365679e-002	2.155323e-001
1.220494011451254e-002	-6.709652e-002	2.020392e-001
1.225376823951254e-002	-7.132189e-002	1.873025e-001
1.230259636451254e-002	-7.621156e-002	1.714861e-001
1.235142448951254e-002	-8.163157e-002	1.547676e-001
1.240025261451254e-002	-8.743766e-002	1.373356e-001
1.244908073951254e-002	-9.347763e-002	1.193876e-001
1.249790886451254e-002	-9.959389e-002	1.011266e-001
1.254673698951254e-002	-1.056261e-001	8.275922e-002
1.259556511451255e-002	-1.114139e-001	6.449189e-002
1.264439323951255e-002	-1.167995e-001	4.652865e-002
1.269322136451255e-002	-1.216303e-001	2.906811e-002
1.274204948951255e-002	-1.257614e-001	1.230077e-002
1.279087761451255e-002	-1.290583e-001	-3.593622e-003
1.283970573951255e-002	-1.313989e-001	-1.844849e-002
1.288853386451255e-002	-1.326758e-001	-3.211268e-002
1.293736198951255e-002	-1.327979e-001	-4.445252e-002
1.298619011451255e-002	-1.316922e-001	-5.535352e-002
1.303501823951255e-002	-1.293051e-001	-6.472195e-002
1.308384636451255e-002	-1.256480e-001	-7.254153e-002
1.312616808950254e-002	-1.214284e-001	-7.801398e-002
1.316440202072828e-002	-1.166725e-001	-8.175886e-002
1.321323014572829e-002	-1.094162e-001	-8.500430e-002
1.326205827072829e-002	-1.009771e-001	-8.667053e-002
1.331088639572829e-002	-9.135009e-002	-8.670178e-002
1.335971452072829e-002	-8.062139e-002	-8.515617e-002
1.340854264572829e-002	-6.889626e-002	-8.211312e-002
1.345737077072829e-002	-5.629750e-002	-7.767192e-002
1.350619889572829e-002	-4.296383e-002	-7.195022e-002
1.355502702072829e-002	-2.904786e-002	-6.508201e-002
1.360385514572829e-002	-1.471393e-002	-5.721560e-002
1.365268327072829e-002	-1.357482e-004	-4.851121e-002
1.370151139572829e-002	1.450616e-002	-3.913856e-002
1.375033952072829e-002	2.902711e-002	-2.927416e-002
1.379916764572829e-002	4.324096e-002	-1.909870e-002
1.384799577072829e-002	5.696288e-002	-8.794202e-003
1.389682389572829e-002	7.001213e-002	1.458663e-003
1.394565202072830e-002	8.221474e-002	1.148335e-002
1.399448014572830e-002	9.340619e-002	2.111004e-002
1.404330827072830e-002	1.034338e-001	3.017824e-002
1.409213639572830e-002	1.121592e-001	3.853907e-002
1.414096452072830e-002	1.194604e-001	4.605754e-002
1.418979264572830e-002	1.252337e-001	5.261444e-002
1.423862077072830e-002	1.293953e-001	5.810810e-002
1.428744889572830e-002	1.318825e-001	6.245579e-002
1.433627702072830e-002	1.326996e-001	6.562711e-002
1.438012558851448e-002	1.319822e-001	6.742907e-002
1.442084600168804e-002	1.299711e-001	6.811418e-002
1.446967412668804e-002	1.259702e-001	6.774890e-002
1.451850225168804e-002	1.203817e-001	6.618186e-002
1.456733037668804e-002	1.132036e-001	6.339808e-002
1.461615850168804e-002	1.045276e-001	5.945593e-002
1.466498662668805e-002	9.446566e-002	5.443304e-002
1.471381475168805e-002	8.314916e-002	4.842496e-002
1.476264287668805e-002	7.072686e-002	4.154352e-002
1.481147100168805e-002	5.736284e-002	3.391493e-002
1.486029912668805e-002	4.323436e-002	2.567771e-002
1.490912725168805e-002	2.852929e-002	1.698037e-002
1.495795537668805e-002	1.344354e-002	7.978991e-003
1.500678350168805e-002	-1.821631e-003	-1.165392e-003
1.505561162668805e-002	-1.706249e-002	-1.028938e-002
1.510443975168805e-002	-3.207563e-002	-1.922990e-002
1.515326787668805e-002	-4.666082e-002	-2.782689e-002
1.520209600168805e-002	-6.062382e-002	-3.592592e-002
1.525092412668805e-002	-7.377905e-002	-4.338073e-002
1.529975225168805e-002	-8.595219e-002	-5.005562e-002
1.534858037668806e-002	-9.698259e-002	-5.582774e-002
1.539740850168806e-002	-1.067255e-001	-6.058912e-002
1.544623662668806e-002	-1.150540e-001	-6.424851e-002
1.549506475168806e-002	-1.218607e-001	-6.673291e-002
1.554389287668806e-002	-1.270594e-001	-6.798889e-002
1.559272100168806e-002	-1.305858e-001	-6.798355e-002
1.564154912668806e-002	-1.324069e-001	-6.671122e-002
1.568944425189920e-002	-1.325029e-001	-6.422988e-002
1.573827237689920e-002	-1.308829e-001	-6.047368e-002
1.578710050189921e-002	-1.275735e-001	-5.554303e-002
1.583592862689921e-002	-1.226175e-001	-4.950467e-002
1.588475675189921e-002	-1.160880e-001	-4.245090e-002
1.593358487689921e-002	-1.080787e-001	-3.449231e-002
1.598241300189921e-002	-9.870254e-002	-2.575617e-002
1.603124112689921e-002	-8.808964e-002	-1.638466e-002
1.608006925189921e-002	-7.638567e-002	-6.532702e-003
1.612889737689921e-002	-6.374934e-002	3.634233e-003
1.617772550189921e-002	-5.035013e-002	1.394265e-002
1.622655362689921e-002	-3.636562e-002	2.421359e-002
1.627538175189921e-002	-2.197891e-002	3.426533e-002
1.632420987689921e-002	-7.375786e-003	4.391614e-002
1.637303800189921e-002	7.257961e-003	5.298701e-002
1.642186612689921e-002	2.173934e-002	6.130444e-002
1.647069425189921e-002	3.589081e-002	6.870306e-002
1.651952237689922e-002	4.954294e-002	7.502820e-002
1.656835050189922e-002	6.253681e-002	8.013833e-002
1.661717862689922e-002	7.472631e-002	8.390729e-002
1.666600675189922e-002	8.598026e-002	8.622625e-002
1.671483487689922e-002	9.618419e-002	8.700556e-002
1.676366300189922e-002	1.052420e-001	8.617614e-002
1.681249112689922e-002	1.130771e-001	8.369080e-002
1.686131925189922e-002	1.196521e-001	7.954855e-002
1.690741342583972e-002	1.246369e-001	7.407252e-002
1.695624155083972e-002	1.286094e-001	6.663396e-002
1.700506967583972e-002	1.312816e-001	5.760169e-002
1.705389780083972e-002	1.326635e-001	4.701936e-002
1.710272592583972e-002	1.328041e-001	3.497620e-002
1.715155405083972e-002	1.317725e-001	2.158239e-002
1.720038217583973e-002	1.296557e-001	6.967717e-003
1.724921030083973e-002	1.265578e-001	-8.720214e-003
1.729803842583973e-002	1.225979e-001	-2.531790e-002
1.734686655083973e-002	1.179080e-001	-4.264818e-002
1.739569467583973e-002	1.126309e-001	-6.052261e-002
1.744452280083973e-002	1.069177e-001	-7.874408e-002
1.749335092583973e-002	1.009252e-001	-9.710948e-002
1.754217905083973e-002	9.481357e-002	-1.154125e-001
1.759100717583973e-002	8.874334e-002	-1.334466e-001
1.763983530083973e-002	8.287290e-002	-1.510075e-001
1.768866342583973e-002	7.735587e-002	-1.678965e-001
1.773749155083973e-002	7.233846e-002	-1.839228e-001
1.778631967583973e-002	6.795707e-002	-1.989062e-001
1.783514780083973e-002	6.433598e-002	-2.126799e-001
1.788397592583974e-002	6.158524e-002	-2.250923e-001
1.793280405083974e-002	5.979878e-002	-2.360092e-001
1.798163217583974e-002	5.905278e-002	-2.453158e-001
1.803046030083974e-002	5.940429e-002	-2.529179e-001
1.807928842583974e-002	6.083474e-002	-2.588319e-001
1.811874659246125e-002	6.284077e-002	-2.622645e-001
1.816017556254467e-002	6.583790e-002	-2.644335e-001
1.820900368754467e-002	7.040075e-002	-2.652924e-001
1.825783181254467e-002	7.600918e-002	-2.643791e-001
1.830665993754467e-002	8.264474e-002	-2.616596e-001
1.835548806254467e-002	9.022564e-002	-2.571926e-001
1.840431618754467e-002	9.865110e-002	-2.510588e-001
1.845314431254467e-002	1.078028e-001	-2.433589e-001
1.850197243754467e-002	1.175465e-001	-2.342120e-001
1.855080056254467e-002	1.277340e-001	-2.237542e-001
1.859962868754467e-002	1.382054e-001	-2.121361e-001
1.864845681254468e-002	1.487913e-001	-1.995207e-001
1.869728493754468e-002	1.593154e-001	-1.860806e-001
1.874611306254468e-002	1.695971e-001	-1.719957e-001
1.879494118754468e-002	1.794544e-001	-1.574506e-001
1.884376931254468e-002	1.887062e-001	-1.426313e-001
1.889259743754468e-002	1.971757e-001	-1.277230e-001
1.894142556254468e-002	2.046926e-001	-1.129070e-001
1.899025368754468e-002	2.110959e-001	-9.835846e-002
1.903908181254468e-002	2.162364e-001	-8.424325e-002
1.908790993754468e-002	2.199792e-001	-7.071605e-002
1.913673806254468e-002	2.222055e-001	-5.791795e-002
1.918556618754468e-002	2.228148e-001	-4.597450e-002
1.923439431254468e-002	2.217265e-001	-3.499393e-002
1.928322243754468e-002	2.188813e-001	-2.506573e-002
1.933205056254468e-002	2.143131e-001	-1.621310e-002
1.937324411648219e-002	2.090728e-001	-9.639231e-003
1.941184736705329e-002	2.028668e-001	-4.337970e-003
1.946067549205329e-002	1.934028e-001	1.271821e-003
1.950950361705329e-002	1.823007e-001	5.748047e-003
1.955833174205329e-002	1.695374e-001	9.056201e-003
1.960715986705329e-002	1.552059e-001	1.124545e-002
1.965598799205329e-002	1.394204e-001	1.238441e-002
1.970481611705329e-002	1.223142e-001	1.255981e-002
1.975364424205330e-002	1.040388e-001	1.187495e-002
1.980247236705330e-002	8.476121e-002	1.044787e-002
1.985130049205330e-002	6.466223e-002	8.409270e-003
1.990012861705330e-002	4.393369e-002	5.900262e-003
1.994895674205330e-002	2.277596e-002	3.069953e-003
1.999778486705330e-002	1.395306e-003	7.290416e-005
2.004661299205330e-002	-1.999902e-002	-2.933490e-003
2.009544111705330e-002	-4.119756e-002	-5.791673e-003
2.014426924205330e-002	-6.199353e-002	-8.346599e-003
2.019309736705330e-002	-8.218560e-002	-1.044836e-002
2.024192549205330e-002	-1.015807e-001	-1.195473e-002
2.029075361705330e-002	-1.199964e-001	-1.273363e-002
2.033958174205330e-002	-1.372638e-001	-1.266538e-002
2.038840986705330e-002	-1.532294e-001	-1.164477e-002
2.043723799205331e-002	-1.677572e-001	-9.582970e-003
2.048606611705331e-002	-1.807305e-001	-6.409091e-003
2.053489424205331e-002	-1.920536e-001	-2.071549e-003
2.058372236705331e-002	-2.017129e-001	3.420162e-003
2.062596619640099e-002	-2.086728e-001	9.122462e-003
2.066407327490742e-002	-2.136700e-001	1.511878e-002
2.071290139990742e-002	-2.184244e-001	2.387030e-002
2.076172952490742e-002	-2.214814e-001	3.368537e-002
2.081055764990742e-002	-2.227759e-001	4.456192e-002
2.085938577490742e-002	-2.223646e-001	5.641260e-002
2.090821389990742e-002	-2.203258e-001	6.913114e-002
2.095704202490742e-002	-2.167575e-001	8.259383e-002
2.100587014990742e-002	-2.117764e-001	9.666116e-002
2.105469827490742e-002	-2.055157e-001	1.111799e-001
2.110352639990742e-002	-1.981230e-001	1.259850e-001
2.115235452490743e-002	-1.897580e-001	1.409025e-001
2.120118264990743e-002	-1.805900e-001	1.557515e-001
2.129883889990743e-002	-1.605545e-001	1.845030e-001
2.134766702490743e-002	-1.500497e-001	1.980345e-001
2.139649514990743e-002	-1.394618e-001	2.107610e-001
2.144532327490743e-002	-1.289678e-001	2.225088e-001
2.149415139990743e-002	-1.187379e-001	2.331138e-001
2.154297952490743e-002	-1.089334e-001	2.424238e-001
2.159180764990743e-002	-9.970395e-002	2.503010e-001
2.164063577490743e-002	-9.118557e-002	2.566242e-001
2.168946389990743e-002	-8.349857e-002	2.612905e-001
2.173829202490743e-002	-7.674590e-002	2.642171e-001
2.178712014990743e-002	-7.101167e-002	2.653425e-001
2.183594827490743e-002	-6.632975e-002	2.646772e-001
2.187959035007090e-002	-6.307940e-002	2.625391e-001
2.191997448810313e-002	-6.095440e-002	2.591360e-001
2.196880261310313e-002	-5.945582e-002	2.533233e-001
2.201763073810313e-002	-5.904307e-002	2.458103e-001
2.206645886310313e-002	-5.973038e-002	2.365887e-001
2.211528698810313e-002	-6.146178e-002	2.257514e-001
2.216411511310313e-002	-6.416208e-002	2.134123e-001
2.221294323810313e-002	-6.773831e-002	1.997048e-001
2.226177136310313e-002	-7.208123e-002	1.847795e-001
2.231059948810314e-002	-7.706730e-002	1.688028e-001
2.235942761310314e-002	-8.256072e-002	1.519541e-001
2.240825573810314e-002	-8.841574e-002	1.344239e-001
2.245708386310314e-002	-9.447912e-002	1.164105e-001
2.250591198810314e-002	-1.005926e-001	9.811795e-002
2.255474011310314e-002	-1.065958e-001	7.975281e-002
2.260356823810314e-002	-1.123284e-001	6.152145e-002
2.265239636310314e-002	-1.176333e-001	4.362717e-002
2.270122448810314e-002	-1.223590e-001	2.626746e-002
2.275005261310314e-002	-1.263623e-001	9.631201e-003
2.279888073810314e-002	-1.295105e-001	-6.103840e-003
2.284770886310314e-002	-1.316837e-001	-2.077347e-002
2.289653698810314e-002	-1.327771e-001	-3.422926e-002
2.294536511310314e-002	-1.327024e-001	-4.634058e-002
2.299419323810314e-002	-1.313899e-001	-5.699624e-002
2.304302136310315e-002	-1.287891e-001	-6.610602e-002
2.309184948810315e-002	-1.248704e-001	-7.360172e-002
2.314067761310315e-002	-1.196353e-001	-7.945082e-002
2.318802559925832e-002	-1.132948e-001	-8.350454e-002
2.323685372425832e-002	-1.054862e-001	-8.601739e-002
2.328568184925832e-002	-9.646291e-002	-8.688673e-002
2.333450997425832e-002	-8.629093e-002	-8.614648e-002
2.338333809925832e-002	-7.506588e-002	-8.386521e-002
2.343216622425833e-002	-6.290172e-002	-8.013214e-002
2.348099434925833e-002	-4.992917e-002	-7.505568e-002
2.352982247425833e-002	-3.629394e-002	-6.876162e-002
2.357865059925833e-002	-2.215460e-002	-6.139115e-002
2.362747872425833e-002	-7.680326e-003	-5.309867e-002
2.367630684925833e-002	6.951550e-003	-4.404929e-002
2.372513497425833e-002	2.155815e-002	-3.441637e-002
2.377396309925833e-002	3.595375e-002	-2.437876e-002
2.382279122425833e-002	4.995249e-002	-1.411816e-002
2.387161934925833e-002	6.337118e-002	-3.816276e-003
2.392044747425833e-002	7.603202e-002	6.347882e-003
2.396927559925833e-002	8.776528e-002	1.620070e-002
2.401810372425833e-002	9.841189e-002	2.557657e-002
2.406693184925833e-002	1.078258e-001	3.432032e-002
2.411575997425833e-002	1.158763e-001	4.228953e-002
2.416458809925834e-002	1.224501e-001	4.935662e-002
2.421341622425834e-002	1.274528e-001	5.541067e-002
2.426224434925834e-002	1.308107e-001	6.035900e-002
2.431107247425834e-002	1.324721e-001	6.412850e-002
2.435990059925834e-002	1.324242e-001	6.667861e-002
2.440688555558287e-002	1.307274e-001	6.792889e-002
2.445571368058287e-002	1.272655e-001	6.796741e-002
2.450454180558287e-002	1.221452e-001	6.675616e-002
2.455336993058287e-002	1.154132e-001	6.431517e-002
2.460219805558287e-002	1.071549e-001	6.069710e-002
2.465102618058288e-002	9.747662e-002	5.597421e-002
2.469985430558288e-002	8.650436e-002	5.023707e-002
2.474868243058288e-002	7.438209e-002	4.359303e-002
2.479751055558288e-002	6.126976e-002	3.616442e-002
2.484633868058288e-002	4.734109e-002	2.808644e-002
2.489516680558288e-002	3.278117e-002	1.950501e-002
2.494399493058288e-002	1.778390e-002	1.057429e-002
2.499282305558288e-002	2.549285e-003	1.454162e-003
2.504165118058288e-002	-1.271936e-002	-7.692366e-003
2.509047930558288e-002	-2.781824e-002	-1.670186e-002
2.513930743058288e-002	-4.254593e-002	-2.541313e-002
2.518813555558288e-002	-5.670619e-002	-3.366987e-002
2.523696368058288e-002	-7.011070e-002	-4.132322e-002
2.528579180558288e-002	-8.258167e-002	-4.823424e-002
2.533461993058288e-002	-9.395431e-002	-5.427618e-002
2.538344805558289e-002	-1.040791e-001	-5.933663e-002
2.543227618058289e-002	-1.128238e-001	-6.331936e-002
2.548110430558289e-002	-1.200754e-001	-6.614604e-002
2.552993243058289e-002	-1.257414e-001	-6.775750e-002
2.557876055558289e-002	-1.298365e-001	-6.817840e-002
2.561788706008849e-002	-1.318704e-001	-6.758277e-002
2.565985601400339e-002	-1.326932e-001	-6.594358e-002
2.570868413900340e-002	-1.320646e-001	-6.289092e-002
2.575751226400340e-002	-1.297792e-001	-5.866819e-002
2.580634038900340e-002	-1.258136e-001	-5.329126e-002
2.585516851400340e-002	-1.202278e-001	-4.684074e-002
2.590399663900340e-002	-1.131029e-001	-3.941627e-002
2.595282476400340e-002	-1.045405e-001	-3.113523e-002
2.600165288900340e-002	-9.466060e-002	-2.213101e-002
2.605048101400340e-002	-8.359961e-002	-1.255105e-002
2.609930913900340e-002	-7.150866e-002	-2.554726e-003
2.614813726400340e-002	-5.855099e-002	7.689032e-003
2.619696538900340e-002	-4.489959e-002	1.800426e-002
2.624579351400340e-002	-3.073453e-002	2.821059e-002
2.629462163900340e-002	-1.624030e-002	3.812595e-002
2.634344976400340e-002	-1.603021e-003	4.756937e-002
2.639227788900340e-002	1.299229e-002	5.636369e-002
2.644110601400341e-002	2.736447e-002	6.433827e-002
2.648993413900341e-002	4.133889e-002	7.133169e-002
2.653876226400341e-002	5.474996e-002	7.719418e-002
2.658759038900341e-002	6.744353e-002	8.178999e-002
2.663641851400341e-002	7.927918e-002	8.499956e-002
2.668524663900341e-002	9.013206e-002	8.672144e-002
2.673407476400341e-002	9.989478e-002	8.687391e-002
2.678290288900341e-002	1.084788e-001	8.539640e-002
2.683173101400341e-002	1.158681e-001	8.231832e-002
2.687272381041527e-002	1.210860e-001	7.844841e-002
2.691165397471010e-002	1.250849e-001	7.355524e-002
2.696048209971010e-002	1.288935e-001	6.591286e-002
2.700931022471010e-002	1.314522e-001	5.674298e-002
2.705813834971010e-002	1.327240e-001	4.602994e-002
2.710696647471010e-002	1.327599e-001	3.386481e-002
2.715579459971010e-002	1.316303e-001	2.035957e-002
2.720462272471010e-002	1.294239e-001	5.645587e-003
2.725345084971010e-002	1.262463e-001	-1.012805e-002
2.730227897471010e-002	1.222176e-001	-2.679656e-002
2.735110709971010e-002	1.174709e-001	-4.418171e-002
2.739993522471011e-002	1.121498e-001	-6.209421e-002
2.744876334971011e-002	1.064061e-001	-8.033630e-002
2.749759147471011e-002	1.003969e-001	-9.870449e-002
2.754641959971011e-002	9.428246e-002	-1.169923e-001
2.759524772471011e-002	8.822334e-002	-1.349933e-001
2.764407584971011e-002	8.237760e-002	-1.525037e-001
2.769290397471011e-002	7.689828e-002	-1.693252e-001
2.774173209971011e-002	7.193086e-002	-1.852679e-001
2.779056022471011e-002	6.761076e-002	-2.001527e-001
2.783938834971011e-002	6.406111e-002	-2.138139e-001
2.788821647471011e-002	6.139064e-002	-2.261015e-001
2.793704459971011e-002	5.969179e-002	-2.368828e-001
2.798587272471011e-002	5.903912e-002	-2.460448e-001
2.803470084971011e-002	5.948798e-002	-2.534952e-001
2.808352897471012e-002	6.100884e-002	-2.592669e-001
2.812143820679787e-002	6.299197e-002	-2.624758e-001
2.816117611758027e-002	6.590942e-002	-2.644872e-001
2.821000424258027e-002	7.050493e-002	-2.652921e-001
2.825883236758027e-002	7.613509e-002	-2.643414e-001
2.830766049258027e-002	8.279091e-002	-2.615853e-001
2.835648861758027e-002	9.039018e-002	-2.570834e-001
2.840531674258027e-002	9.883177e-002	-2.509164e-001
2.845414486758027e-002	1.079970e-001	-2.431855e-001
2.850297299258027e-002	1.177513e-001	-2.340103e-001
2.855180111758027e-002	1.279463e-001	-2.235272e-001
2.860062924258027e-002	1.384217e-001	-2.118870e-001
2.864945736758027e-002	1.490082e-001	-1.992529e-001
2.869828549258027e-002	1.595291e-001	-1.857978e-001
2.874711361758027e-002	1.698040e-001	-1.717017e-001
2.879594174258027e-002	1.796506e-001	-1.571490e-001
2.884476986758027e-002	1.888882e-001	-1.423260e-001
2.889359799258028e-002	1.973399e-001	-1.274178e-001
2.894242611758028e-002	2.048355e-001	-1.126056e-001
2.899125424258028e-002	2.112144e-001	-9.806432e-002
2.904008236758028e-002	2.163276e-001	-8.395965e-002
2.908891049258028e-002	2.200404e-001	-7.044602e-002
2.913773861758028e-002	2.222345e-001	-5.766424e-002
2.918656674258028e-002	2.228097e-001	-4.573949e-002
2.923539486758028e-002	2.216860e-001	-3.477965e-002
2.928422299258028e-002	2.188044e-001	-2.487382e-002
2.933305111758028e-002	2.142327e-001	-1.602282e-002
2.937063075203217e-002	2.094634e-001	-1.001816e-002
2.941087597632276e-002	2.030202e-001	-4.473229e-003
2.945970410132276e-002	1.936063e-001	1.170689e-003
2.950853222632276e-002	1.825380e-001	5.670513e-003
2.955736035132276e-002	1.698069e-001	9.001493e-003
2.960618847632277e-002	1.555056e-001	1.121240e-002
2.965501660132277e-002	1.397478e-001	1.237146e-002
2.970384472632277e-002	1.226664e-001	1.256507e-002
2.975267285132277e-002	1.044127e-001	1.189622e-002
2.980150097632277e-002	8.515335e-002	1.048267e-002
2.985032910132277e-002	6.506887e-002	8.454896e-003
2.989915722632277e-002	4.435092e-002	5.953814e-003
2.994798535132277e-002	2.319974e-002	3.128403e-003
2.999681347632277e-002	1.821484e-003	1.331425e-004
3.004564160132277e-002	-1.957462e-002	-2.874605e-003
3.009446972632277e-002	-4.077908e-002	-5.737262e-003
3.014329785132277e-002	-6.158504e-002	-8.299703e-003
3.019212597632277e-002	-8.179104e-002	-1.041189e-002
3.024095410132277e-002	-1.012038e-001	-1.193144e-002
3.028978222632277e-002	-1.196407e-001	-1.272602e-002
3.033861035132278e-002	-1.369326e-001	-1.267570e-002
3.038743847632278e-002	-1.529254e-001	-1.167496e-002
3.043626660132278e-002	-1.674830e-001	-9.634626e-003
3.048509472632278e-002	-1.804882e-001	-6.483439e-003
3.053392285132278e-002	-1.918449e-001	-2.169420e-003
3.058275097632278e-002	-2.015447e-001	3.294566e-003
3.062438455923352e-002	-2.084457e-001	8.886471e-003
3.066227125191746e-002	-2.134583e-001	1.481907e-002
3.071109937691747e-002	-2.182773e-001	2.352932e-002
3.075992750191747e-002	-2.214001e-001	3.330380e-002
3.080875562691747e-002	-2.227588e-001	4.414261e-002
3.085758375191747e-002	-2.224093e-001	5.595911e-002
3.090641187691747e-002	-2.204289e-001	6.864773e-002
3.095524000191747e-002	-2.169151e-001	8.208533e-002
3.100406812691747e-002	-2.119839e-001	9.613299e-002
3.105289625191747e-002	-2.057679e-001	1.106379e-001
3.110172437691747e-002	-1.984142e-001	1.254355e-001
3.115055250191747e-002	-1.900821e-001	1.403521e-001
3.119938062691747e-002	-1.809406e-001	1.552068e-001
3.124820875191747e-002	-1.711659e-001	1.698150e-001
3.129703687691747e-002	-1.609383e-001	1.839905e-001
3.134586500191747e-002	-1.504400e-001	1.975483e-001
3.139469312691746e-002	-1.398520e-001	2.103077e-001
3.144352125191746e-002	-1.293514e-001	2.220946e-001
3.149234937691746e-002	-1.191088e-001	2.327445e-001
3.154117750191746e-002	-1.092859e-001	2.421048e-001
3.159000562691745e-002	-1.000327e-001	2.500372e-001
3.163883375191745e-002	-9.148586e-002	2.564197e-001
3.168766187691745e-002	-8.376624e-002	2.611488e-001
3.173649000191745e-002	-7.697748e-002	2.641408e-001
3.178531812691744e-002	-7.120439e-002	2.653335e-001
3.183414625191744e-002	-6.647504e-002	2.647474e-001
3.187665636528487e-002	-6.325135e-002	2.627583e-001
3.191519708728108e-002	-6.115675e-002	2.596169e-001
3.196402521228108e-002	-5.955680e-002	2.539637e-001
3.201285333728107e-002	-5.903417e-002	2.466221e-001
3.206168146228107e-002	-5.961600e-002	2.375639e-001
3.211050958728107e-002	-6.124825e-002	2.268800e-001
3.215933771228106e-002	-6.385759e-002	2.146823e-001
3.220816583728106e-002	-6.735269e-002	2.011023e-001
3.225699396228106e-002	-7.162583e-002	1.862890e-001
3.230582208728106e-002	-7.655479e-002	1.704074e-001
3.235465021228105e-002	-8.200486e-002	1.536359e-001
3.240347833728105e-002	-8.783117e-002	1.361636e-001
3.245230646228105e-002	-9.388108e-002	1.181886e-001
3.254996271228104e-002	-1.060178e-001	8.154709e-002
3.259879083728104e-002	-1.117838e-001	6.329359e-002
3.264761896228104e-002	-1.171374e-001	4.535751e-002
3.269644708728103e-002	-1.219263e-001	2.793700e-002
3.274527521228103e-002	-1.260063e-001	1.122191e-002
3.279410333728103e-002	-1.292437e-001	-4.608789e-003
3.284293146228103e-002	-1.315172e-001	-1.938948e-002
3.289175958728102e-002	-1.327204e-001	-3.297010e-002
3.294058771228102e-002	-1.327634e-001	-4.521820e-002
3.298941583728102e-002	-1.315745e-001	-5.602061e-002
3.303824396228101e-002	-1.291014e-001	-6.528501e-002
3.308707208728101e-002	-1.253124e-001	-7.294102e-002
3.313590021228101e-002	-1.202270e-001	-7.897976e-002
3.318024816100877e-002	-1.144400e-001	-8.297335e-002
3.322907628600877e-002	-1.068121e-001	-8.572689e-002
3.327790441100877e-002	-9.797927e-002	-8.685751e-002
3.332673253600876e-002	-8.798435e-002	-8.636960e-002
3.337556066100876e-002	-7.691986e-002	-8.432832e-002
3.342438878600876e-002	-6.489694e-002	-8.081973e-002
3.347321691100876e-002	-5.204377e-002	-7.594924e-002
3.352204503600875e-002	-3.850378e-002	-6.984004e-002
3.357087316100875e-002	-2.443365e-002	-6.263100e-002
3.361970128600875e-002	-1.000104e-002	-5.447457e-002
3.366852941100874e-002	4.617869e-003	-4.553433e-002
3.371735753600874e-002	1.924089e-002	-3.598249e-002
3.376618566100874e-002	3.368257e-002	-2.599722e-002
3.381501378600874e-002	4.775689e-002	-1.575994e-002
3.386384191100873e-002	6.128005e-002	-5.452540e-003
3.391267003600873e-002	7.407320e-002	4.745351e-003
3.396149816100873e-002	8.596517e-002	1.465909e-002
3.401032628600872e-002	9.679501e-002	2.412161e-002
3.405915441100872e-002	1.064145e-001	3.297593e-002
3.410798253600872e-002	1.146902e-001	4.107747e-002
3.415681066100872e-002	1.215060e-001	4.829613e-002
3.420563878600871e-002	1.267644e-001	5.451823e-002
3.425446691100871e-002	1.303884e-001	5.964810e-002
3.430329503600871e-002	1.323225e-001	6.360944e-002
3.435212316100871e-002	1.325341e-001	6.634632e-002
3.440095128600870e-002	1.310135e-001	6.782395e-002
3.444977941100870e-002	1.277747e-001	6.802904e-002
3.449860753600870e-002	1.228550e-001	6.696984e-002
3.454743566100869e-002	1.163148e-001	6.467590e-002
3.459626378600869e-002	1.082367e-001	6.119741e-002
3.464509191100869e-002	9.872463e-002	5.660431e-002
3.469392003600869e-002	8.790228e-002	5.098503e-002
3.474274816100868e-002	7.591154e-002	4.444496e-002
3.479157628600868e-002	6.291052e-002	3.710472e-002
3.484040441100868e-002	4.907138e-002	2.909806e-002
3.488923253600867e-002	3.457798e-002	2.056973e-002
3.493806066100867e-002	1.962328e-002	1.167301e-002
3.498688878600867e-002	4.406696e-003	2.567243e-003
3.503571691100867e-002	-1.086871e-002	-6.584818e-003
3.508454503600866e-002	-2.599904e-002	-1.561964e-002
3.513337316100866e-002	-4.078245e-002	-2.437562e-002
3.518220128600866e-002	-5.502191e-002	-3.269572e-002
3.523102941100866e-002	-6.852800e-002	-4.043004e-002
3.527985753600865e-002	-8.112150e-002	-4.743831e-002
3.532868566100865e-002	-9.263593e-002	-5.359218e-002
3.537751378600865e-002	-1.029198e-001	-5.877738e-002
3.542634191100864e-002	-1.118387e-001	-6.289566e-002
3.547517003600864e-002	-1.192771e-001	-6.586638e-002
3.552399816100864e-002	-1.251400e-001	-6.762803e-002
3.557282628600864e-002	-1.294350e-001	-6.819957e-002
3.561242835679816e-002	-1.316313e-001	-6.769924e-002
3.565782603897941e-002	-1.326488e-001	-6.601949e-002
3.570665416397940e-002	-1.321226e-001	-6.304053e-002
3.575548228897940e-002	-1.299080e-001	-5.886722e-002
3.580431041397940e-002	-1.260113e-001	-5.353682e-002
3.585313853897940e-002	-1.204913e-001	-4.712906e-002
3.590196666397939e-002	-1.134285e-001	-3.974287e-002
3.595079478897939e-002	-1.049237e-001	-3.149489e-002
3.599962291397939e-002	-9.509587e-002	-2.251788e-002
3.604845103897938e-002	-8.408107e-002	-1.295876e-002
3.609727916397938e-002	-7.202976e-002	-2.976438e-003
3.614610728897938e-002	-5.910474e-002	7.260500e-003
3.619493541397938e-002	-4.547863e-002	1.757633e-002
3.624376353897937e-002	-3.133127e-002	2.779081e-002
3.629259166397937e-002	-1.684702e-002	3.772189e-002
3.634141978897937e-002	-2.211984e-003	4.718850e-002
3.639024791397937e-002	1.238871e-002	5.601325e-002
3.643907603897936e-002	2.677371e-002	6.402521e-002
3.648790416397936e-002	4.076803e-002	7.106249e-002
3.653673228897936e-002	5.420568e-002	7.697480e-002
3.658556041397935e-002	6.693199e-002	8.162577e-002
3.663438853897935e-002	7.880589e-002	8.489513e-002
3.668321666397935e-002	8.970190e-002	8.668063e-002
3.673204478897935e-002	9.951184e-002	8.689970e-002
3.678087291397934e-002	1.081464e-001	8.549088e-002
3.682970103897934e-002	1.155971e-001	8.249366e-002
3.686941844903034e-002	1.206994e-001	7.880454e-002
3.691042532591594e-002	1.249561e-001	7.370643e-002
3.695925345091594e-002	1.288122e-001	6.612305e-002
3.700808157591594e-002	1.314038e-001	5.699299e-002
3.705690970091594e-002	1.327074e-001	4.631774e-002
3.710573782591593e-002	1.327736e-001	3.418787e-002
3.715456595091593e-002	1.316723e-001	2.071481e-002
3.720339407591593e-002	1.294919e-001	6.029486e-003
3.725222220091592e-002	1.263372e-001	-9.719445e-003
3.730105032591592e-002	1.223284e-001	-2.636758e-002
3.734987845091592e-002	1.175980e-001	-4.373698e-002
3.739870657591592e-002	1.122896e-001	-6.163859e-002
3.744753470091591e-002	1.065545e-001	-7.987487e-002
3.749636282591591e-002	1.005500e-001	-9.824241e-002
3.754519095091591e-002	9.443630e-002	-1.165348e-001
3.759401907591591e-002	8.837384e-002	-1.345456e-001
3.764284720091590e-002	8.252083e-002	-1.520707e-001
3.769167532591590e-002	7.703047e-002	-1.689119e-001
3.774050345091590e-002	7.204846e-002	-1.848790e-001
3.778933157591589e-002	6.771050e-002	-1.997925e-001
3.783815970091589e-002	6.414007e-002	-2.134864e-001
3.788698782591589e-002	6.144627e-002	-2.258102e-001
3.793581595091589e-002	5.972198e-002	-2.366309e-001
3.798464407591588e-002	5.904222e-002	-2.458349e-001
3.803347220091588e-002	5.946285e-002	-2.533293e-001
3.808230032591588e-002	6.097522e-002	-2.591141e-001
3.812365079294161e-002	6.314125e-002	-2.626095e-001
3.816199852311358e-002	6.596858e-002	-2.645309e-001
3.821082664811358e-002	7.059090e-002	-2.652913e-001
3.825965477311358e-002	7.623891e-002	-2.643098e-001
3.830848289811357e-002	8.291135e-002	-2.615238e-001
3.835731102311357e-002	9.052570e-002	-2.569930e-001
3.840613914811357e-002	9.898050e-002	-2.507988e-001
3.845496727311357e-002	1.081568e-001	-2.430426e-001
3.850379539811356e-002	1.179198e-001	-2.338442e-001
3.855262352311356e-002	1.281209e-001	-2.233403e-001
3.860145164811356e-002	1.385996e-001	-2.116820e-001
3.865027977311356e-002	1.491864e-001	-1.990326e-001
3.869910789811355e-002	1.597047e-001	-1.855652e-001
3.874793602311355e-002	1.699739e-001	-1.714598e-001
3.879676414811355e-002	1.798118e-001	-1.569011e-001
3.884559227311354e-002	1.890376e-001	-1.420751e-001
3.889442039811354e-002	1.974745e-001	-1.271671e-001
3.894324852311354e-002	2.049527e-001	-1.123580e-001
3.899207664811354e-002	2.113114e-001	-9.782270e-002
3.904090477311353e-002	2.164021e-001	-8.372673e-002
3.908973289811353e-002	2.200902e-001	-7.022431e-002
3.913856102311353e-002	2.222578e-001	-5.745597e-002
3.918738914811352e-002	2.228051e-001	-4.554663e-002
3.923621727311352e-002	2.216522e-001	-3.460386e-002
3.928504539811352e-002	2.187405e-001	-2.471643e-002
3.933387352311352e-002	2.140943e-001	-1.591367e-002
3.937621230917039e-002	2.086340e-001	-9.205764e-003
3.941447402430855e-002	2.024108e-001	-3.999981e-003
3.946330214930855e-002	1.928491e-001	1.542908e-003
3.951213027430855e-002	1.816556e-001	5.955380e-003
3.956095839930855e-002	1.688054e-001	9.201915e-003
3.960978652430854e-002	1.543927e-001	1.133275e-002
3.965861464930854e-002	1.385325e-001	1.241751e-002
3.970744277430854e-002	1.213594e-001	1.254386e-002
3.975627089930853e-002	1.030257e-001	1.181595e-002
3.980509902430853e-002	8.369924e-002	1.035255e-002
3.985392714930853e-002	6.356143e-002	8.284970e-003
3.990275527430853e-002	4.280463e-002	5.754823e-003
3.995158339930852e-002	2.162963e-002	2.911574e-003
4.004923964930852e-002	-2.114622e-002	-3.092416e-003
4.009806777430851e-002	-4.232834e-002	-5.938198e-003
4.014689589930851e-002	-6.309687e-002	-8.472502e-003
4.019572402430851e-002	-8.325090e-002	-1.054577e-002
4.024455214930851e-002	-1.025978e-001	-1.201627e-002
4.029338027430850e-002	-1.209560e-001	-1.275253e-002
4.034220839930850e-002	-1.381571e-001	-1.263558e-002
4.039103652430850e-002	-1.540487e-001	-1.156107e-002
4.043986464930850e-002	-1.684956e-001	-9.441085e-003
4.048869277430849e-002	-1.813824e-001	-6.205743e-003
4.053752089930849e-002	-1.926144e-001	-1.804530e-003
4.058634902430849e-002	-2.021642e-001	3.762167e-003
4.063024281858450e-002	-2.092596e-001	9.778515e-003
4.067103688333104e-002	-2.144479e-001	1.630308e-002
4.071986500833104e-002	-2.189696e-001	2.520241e-002
4.076869313333104e-002	-2.217726e-001	3.517345e-002
4.081752125833103e-002	-2.228199e-001	4.619472e-002
4.086634938333103e-002	-2.221713e-001	5.817609e-002
4.091517750833103e-002	-2.199079e-001	7.100871e-002
4.096400563333102e-002	-2.161306e-001	8.456650e-002
4.101283375833102e-002	-2.109585e-001	9.870787e-002
4.106166188333102e-002	-2.045271e-001	1.132777e-001
4.111049000833102e-002	-1.969857e-001	1.281098e-001
4.115931813333101e-002	-1.884956e-001	1.430286e-001
4.120814625833101e-002	-1.792273e-001	1.578528e-001
4.125697438333101e-002	-1.693579e-001	1.723971e-001
4.130580250833101e-002	-1.590683e-001	1.864752e-001
4.135463063333100e-002	-1.485407e-001	1.999028e-001
4.140345875833100e-002	-1.379555e-001	2.125002e-001
4.145228688333100e-002	-1.274888e-001	2.240948e-001
4.150111500833099e-002	-1.173100e-001	2.345241e-001
4.154994313333099e-002	-1.075787e-001	2.436378e-001
4.159877125833099e-002	-9.844265e-002	2.513004e-001
4.164759938333099e-002	-9.003587e-002	2.573931e-001
4.169642750833098e-002	-8.247626e-002	2.618159e-001
4.174525563333098e-002	-7.586414e-002	2.644888e-001
4.179408375833098e-002	-7.028085e-002	2.653537e-001
4.184291188333097e-002	-6.578761e-002	2.643747e-001
4.189174000833097e-002	-6.241996e-002	2.615471e-001
4.193975496309024e-002	-6.023395e-002	2.569595e-001
4.198858308809023e-002	-5.915330e-002	2.504907e-001
4.203741121309023e-002	-5.919166e-002	2.422757e-001
4.208623933809023e-002	-6.030979e-002	2.323872e-001
4.213506746309022e-002	-6.244379e-002	2.209266e-001
4.218389558809022e-002	-6.551110e-002	2.080161e-001
4.223272371309022e-002	-6.941193e-002	1.937962e-001
4.228155183809022e-002	-7.403103e-002	1.784241e-001
4.233037996309021e-002	-7.923960e-002	1.620719e-001
4.237920808809021e-002	-8.489755e-002	1.449236e-001
4.242803621309021e-002	-9.085578e-002	1.271734e-001
4.247686433809021e-002	-9.695873e-002	1.090221e-001
4.252569246309020e-002	-1.030469e-001	9.067522e-002
4.257452058809020e-002	-1.089596e-001	7.233952e-002
4.262334871309020e-002	-1.145376e-001	5.422048e-002
4.267217683809019e-002	-1.196258e-001	3.651939e-002
4.272100496309019e-002	-1.240756e-001	1.943056e-002
4.276983308809019e-002	-1.277478e-001	3.138680e-003
4.281866121309019e-002	-1.305146e-001	-1.218370e-002
4.286748933809018e-002	-1.322622e-001	-2.637852e-002
4.291631746309018e-002	-1.328920e-001	-3.930434e-002
4.296514558809018e-002	-1.323231e-001	-5.083821e-002
4.301397371309017e-002	-1.304936e-001	-6.087728e-002
4.306280183809017e-002	-1.273614e-001	-6.934013e-002
4.311162996309017e-002	-1.229251e-001	-7.619300e-002
4.315752902421986e-002	-1.175289e-001	-8.108769e-002
4.320635714921985e-002	-1.105046e-001	-8.463617e-002
4.325518527421985e-002	-1.022385e-001	-8.653593e-002
4.330401339921985e-002	-9.277399e-002	-8.679431e-002
4.335284152421984e-002	-8.219443e-002	-8.546633e-002
4.340166964921984e-002	-7.060251e-002	-8.262849e-002
4.345049777421984e-002	-5.811868e-002	-7.837739e-002
4.349932589921984e-002	-4.487952e-002	-7.282817e-002
4.354815402421983e-002	-3.103582e-002	-6.611268e-002
4.359698214921983e-002	-1.675041e-002	-5.837734e-002
4.364581027421983e-002	-2.195820e-003	-4.978083e-002
4.369463839921983e-002	1.244822e-002	-4.049170e-002
4.374346652421982e-002	2.699745e-002	-3.068566e-002
4.379229464921982e-002	4.126576e-002	-2.054297e-002
4.384112277421982e-002	5.506798e-002	-1.024565e-002
4.388995089921981e-002	6.822261e-002	2.527962e-005
4.393877902421981e-002	8.055460e-002	1.009253e-002
4.398760714921981e-002	9.189790e-002	1.978520e-002
4.403643527421981e-002	1.020981e-001	2.894130e-002
4.408526339921980e-002	1.110146e-001	3.741021e-002
4.413409152421980e-002	1.185230e-001	4.505484e-002
4.418291964921980e-002	1.245169e-001	5.175366e-002
4.423174777421979e-002	1.289095e-001	5.740243e-002
4.428057589921979e-002	1.316354e-001	6.191568e-002
4.432940402421979e-002	1.327338e-001	6.528786e-002
4.436893482113388e-002	1.323425e-001	6.709838e-002
4.441024553782533e-002	1.305951e-001	6.801025e-002
4.445907366282532e-002	1.269663e-001	6.792423e-002
4.450790178782532e-002	1.217328e-001	6.662709e-002
4.455672991282532e-002	1.148928e-001	6.410319e-002
4.460555803782532e-002	1.065331e-001	6.040657e-002
4.465438616282531e-002	9.676149e-002	5.561078e-002
4.470321428782531e-002	8.570530e-002	4.980761e-002
4.475204241282531e-002	7.350960e-002	4.310551e-002
4.480087053782531e-002	6.033539e-002	3.562775e-002
4.484969866282530e-002	4.635724e-002	2.751034e-002
4.489852678782530e-002	3.176093e-002	1.889986e-002
4.494735491282530e-002	1.674086e-002	9.950928e-003
4.499618303782529e-002	1.497372e-003	8.237438e-004
4.504501116282529e-002	-1.376611e-002	-8.318580e-003
4.509383928782529e-002	-2.884585e-002	-1.731268e-002
4.514266741282529e-002	-4.354071e-002	-2.599761e-002
4.519149553782528e-002	-5.765489e-002	-3.421750e-002
4.524032366282528e-002	-7.100073e-002	-4.182409e-002
4.528915178782528e-002	-8.340123e-002	-4.867921e-002
4.533797991282527e-002	-9.469260e-002	-5.465704e-002
4.538680803782527e-002	-1.047264e-001	-5.964622e-002
4.543563616282527e-002	-1.133718e-001	-6.355169e-002
4.548446428782527e-002	-1.205170e-001	-6.629641e-002
4.553329241282526e-002	-1.260710e-001	-6.782260e-002
4.558212053782526e-002	-1.300316e-001	-6.814249e-002
4.562335805367215e-002	-1.320696e-001	-6.743624e-002
4.566188971604829e-002	-1.327347e-001	-6.586532e-002
4.571071784104829e-002	-1.320035e-001	-6.273893e-002
4.575954596604829e-002	-1.296472e-001	-5.846678e-002
4.580837409104829e-002	-1.256128e-001	-5.304340e-002
4.585720221604828e-002	-1.199611e-001	-4.655019e-002
4.590603034104828e-002	-1.127742e-001	-3.908759e-002
4.595485846604828e-002	-1.041545e-001	-3.077366e-002
4.600368659104828e-002	-9.422248e-002	-2.174242e-002
4.605251471604827e-002	-8.311549e-002	-1.214187e-002
4.610134284104827e-002	-7.098510e-002	-2.131811e-003
4.615017096604827e-002	-5.799503e-002	8.118476e-003
4.619899909104826e-002	-4.431859e-002	1.843279e-002
4.624782721604826e-002	-3.013612e-002	2.863063e-002
4.629665534104826e-002	-1.563222e-002	3.852994e-002
4.634548346604826e-002	-9.930136e-004	4.794982e-002
4.639431159104825e-002	1.359658e-002	5.671334e-002
4.644313971604825e-002	2.795563e-002	6.465022e-002
4.649196784104825e-002	4.190982e-002	7.159942e-002
4.654079596604824e-002	5.529399e-002	7.741176e-002
4.658962409104824e-002	6.795454e-002	8.195210e-002
4.663845221604824e-002	7.975162e-002	8.510161e-002
4.668728034104824e-002	9.056111e-002	8.675961e-002
4.673610846604823e-002	1.002764e-001	8.684525e-002
4.678493659104823e-002	1.088097e-001	8.529886e-002
4.683376471604823e-002	1.161374e-001	8.213974e-002
4.687603514923643e-002	1.214603e-001	7.807515e-002
4.691418555195005e-002	1.253238e-001	7.321045e-002
4.696301367695004e-002	1.290584e-001	6.547656e-002
4.701184180195004e-002	1.315494e-001	5.622478e-002
4.706066992695004e-002	1.327557e-001	4.543403e-002
4.710949805195003e-002	1.327293e-001	3.319649e-002
4.715832617695003e-002	1.315415e-001	1.962519e-002
4.720715430195003e-002	1.292821e-001	4.852463e-003
4.725598242695003e-002	1.260572e-001	-1.097174e-002
4.730481055195002e-002	1.219879e-001	-2.768190e-002
4.735363867695002e-002	1.172079e-001	-4.509913e-002
4.740246680195002e-002	1.118611e-001	-6.303363e-002
4.745129492695002e-002	1.060997e-001	-8.128729e-002
4.754895117695001e-002	9.396558e-002	-1.179345e-001
4.759777930195001e-002	8.791366e-002	-1.359150e-001
4.764660742695000e-002	8.208321e-002	-1.533945e-001
4.769543555195000e-002	7.662694e-002	-1.701750e-001
4.774426367695000e-002	7.168984e-002	-1.860671e-001
4.779309180195000e-002	6.740679e-002	-2.008924e-001
4.784191992694999e-002	6.390018e-002	-2.144860e-001
4.789074805194999e-002	6.127796e-002	-2.266985e-001
4.793957617694999e-002	5.963167e-002	-2.373985e-001
4.798840430194998e-002	5.903493e-002	-2.464738e-001
4.803723242694998e-002	5.954204e-002	-2.538334e-001
4.808606055194998e-002	6.115675e-002	-2.594565e-001
4.812977315132040e-002	6.356220e-002	-2.629661e-001
4.817027213881315e-002	6.667563e-002	-2.647867e-001
4.821910026381315e-002	7.147288e-002	-2.652538e-001
4.826792838881314e-002	7.729944e-002	-2.639633e-001
4.831675651381314e-002	8.413783e-002	-2.608768e-001
4.836558463881314e-002	9.190223e-002	-2.560579e-001
4.841441276381314e-002	1.004881e-001	-2.495914e-001
4.846324088881313e-002	1.097737e-001	-2.415819e-001
4.851206901381313e-002	1.196217e-001	-2.321523e-001
4.856089713881313e-002	1.298814e-001	-2.214418e-001
4.860972526381312e-002	1.403906e-001	-2.096037e-001
4.865855338881312e-002	1.509784e-001	-1.968033e-001
4.870738151381312e-002	1.614673e-001	-1.832150e-001
4.875620963881312e-002	1.716762e-001	-1.690197e-001
4.880503776381311e-002	1.814230e-001	-1.544026e-001
4.885386588881311e-002	1.905274e-001	-1.395498e-001
4.890269401381311e-002	1.988136e-001	-1.246459e-001
4.895152213881310e-002	2.061131e-001	-1.098712e-001
4.900035026381310e-002	2.122671e-001	-9.539892e-002
4.904917838881310e-002	2.171292e-001	-8.139303e-002
4.909800651381310e-002	2.205675e-001	-6.800550e-002
4.914683463881309e-002	2.224670e-001	-5.537438e-002
4.919566276381309e-002	2.227312e-001	-4.362176e-002
4.924449088881309e-002	2.212838e-001	-3.285210e-002
4.929331901381309e-002	2.180700e-001	-2.315086e-002
4.934214713881308e-002	2.130575e-001	-1.458335e-002
4.939097526381308e-002	2.062490e-001	-7.185985e-003
4.943851012149424e-002	1.978862e-001	-1.146140e-003
4.948733824649424e-002	1.875511e-001	3.863059e-003
4.953616637149424e-002	1.755317e-001	7.696569e-003
4.958499449649424e-002	1.618992e-001	1.038638e-002
4.963382262149423e-002	1.467583e-001	1.199242e-002
4.968265074649423e-002	1.302339e-001	1.259337e-002
4.973147887149423e-002	1.124694e-001	1.228524e-002
4.978030699649422e-002	9.362514e-002	1.117960e-002
4.982913512149422e-002	7.387588e-002	9.401679e-003
4.987796324649422e-002	5.340874e-002	7.088153e-003
4.992679137149422e-002	3.242056e-002	4.384808e-003
4.997561949649421e-002	1.112441e-002	1.450840e-003
5.000000000000000e-002	4.239945e-004	-6.418383e-005
